4870 0 40068#0 1
4870 0 40068#1 1
4871 0 108382#0 1
4872 0 31966#0 1
4873 0 157782#2 1
4874 0 25161#2 1
4875 0 24283#0 1
4876 0 250999#1 1
4877 0 28309#0 1
4878 0 248481#1 1
4878 0 248481#21 1
4879 0 57620#0 1
4880 0 58092#0 1
4881 0 1525#19 1
4882 0 6220#5 1
4883 0 5035#6 1
4884 0 185996#1 1
4885 0 7130#2 1
4886 0 28880#0 1
4887 0 27585#1 1
4888 0 8543#0 1
4889 0 96017#0 1
4889 0 96017#2 1
4890 0 24638#0 1
4891 0 90768#2 1
4892 0 7113#2 1
4893 0 209151#0 1
4894 0 27580#0 1
4895 0 21953#2 1
4896 0 95490#0 1
4897 0 141456#1 1
4898 0 40381#0 1
4899 0 111795#0 1
4900 0 51820#2 1
4901 0 14754#2 1
4902 0 28207#0 1
4903 0 16692#1 1
4904 0 192859#1 1
4905 0 27678#0 1
4906 0 35210#2 1
4907 0 57172#1 1
4908 0 229999#1 1
4909 0 266420#0 1
4910 0 192270#1 1
4911 0 127872#1 1
4912 0 23098#1 1
4913 0 250577#3 1
4914 0 36627#0 1
4915 0 11537#0 1
4916 0 28064#0 1
4917 0 36933#0 1
4918 0 28774#0 1
4919 0 49140#1 1
4920 0 17689#1 1
4921 0 226974#0 1
4922 0 218182#0 1
4923 0 99618#0 1
4924 0 53887#0 1
4925 0 132064#0 1
4926 0 104110#2 1
4927 0 223490#3 1
4928 0 22446#0 1
4929 0 57808#0 1
4930 0 23384#1 1
4931 0 37673#0 1
4932 0 52924#1 1
4933 0 16736#2 1
4934 0 7919#0 1
4935 0 21953#2 1
4936 0 29074#1 1
4937 0 23096#1 1
4938 0 50084#0 1
4938 0 50084#1 1
4939 0 84666#1 1
4940 0 207659#2 1
4941 0 161809#1 1
4942 0 58132#0 1
4943 0 27775#0 1
4944 0 52359#0 1
4945 0 176382#1 1
4946 0 21868#0 1
4947 0 239142#3 1
4948 0 252676#1 1
4949 0 24242#0 1
4950 0 206569#0 1
4951 0 99618#0 1
4952 0 57760#0 1
4953 0 22412#0 1
4954 0 102542#0 1
4955 0 76702#1 1
4956 0 17621#4 1
4957 0 72217#0 1
4958 0 35890#2 1
4959 0 32001#0 1
4960 0 106582#3 1
4961 0 23331#1 1
4962 0 8700#2 1
4963 0 229113#2 1
4964 0 21471#0 1
4965 0 21421#0 1
4966 0 23872#1 1
4967 0 28756#0 1
4968 0 28832#0 1
4969 0 34905#0 1
4970 0 68584#1 1
4971 0 7043#2 1
4972 0 28602#0 1
4973 0 34252#0 1
4974 0 151272#2 1
4975 0 49240#2 1
4976 0 50906#0 1
4977 0 22653#0 1
4978 0 252452#4 1
4979 0 106048#0 1
4980 0 24531#0 1
4981 0 83219#0 1
4982 0 83860#0 1
4983 0 136938#1 1
4984 0 79522#0 1
4984 0 79522#1 1
4985 0 104096#1 1
4985 0 104096#2 1
4986 0 252452#1 1
4987 0 40068#0 1
4988 0 36972#0 1
4989 0 52041#1 1
4990 0 57974#0 1
4991 0 250394#0 1
4992 0 30012#0 1
4993 0 23269#1 1
4994 0 36559#0 1
4995 0 60288#0 1
4996 0 27688#0 1
4997 0 58735#2 1
4998 0 34365#0 1
4999 0 24621#0 1
5000 0 82055#1 1
5001 0 93792#1 1
5002 0 28221#0 1
5003 0 26550#0 1
5004 0 36513#0 1
5005 0 23613#1 1
5006 0 23222#1 1
5007 0 13738#2 1
5008 0 22745#0 1
5009 0 32820#1 1
5010 0 24125#0 1
5011 0 212513#1 1
5012 0 24983#0 1
5013 0 16806#0 1
5014 0 22844#1 1
5015 0 57653#0 1
5016 0 24670#0 1
5017 0 89133#2 1
5018 0 7105#3 1
5019 0 28613#0 1
5020 0 57906#0 1
5021 0 22338#0 1
5022 0 30012#0 1
5023 0 37018#0 1
5024 0 269050#0 1
5025 0 168038#3 1
5025 0 168038#23 1
5026 0 68365#0 1
5027 0 24314#0 1
5028 0 105771#4 1
5029 0 21522#0 1
5030 0 27747#0 1
5031 0 30013#0 1
5032 0 29187#0 1
5033 0 36342#0 1
5034 0 5044#0 1
5035 0 65472#1 1
5036 0 169903#1 1
5037 0 4901#1 1
5038 0 82055#0 1
5038 0 82055#1 1
5039 0 206403#1 1
5040 0 26769#0 1
5041 0 36232#0 1
5042 0 57319#1 1
5043 0 266409#0 1
5044 0 57796#0 1
5045 0 29794#1 1
5046 0 37018#0 1
5047 0 21464#0 1
5048 0 27055#0 1
5049 0 10787#0 1
5050 0 16737#1 1
5050 0 16737#7 1
5051 0 156281#1 1
5052 0 136938#1 1
5053 0 29794#1 1
5054 0 25071#2 1
5055 0 89223#0 1
5056 0 170334#1 1
5057 0 230827#1 1
5058 0 21574#0 1
5059 0 26912#0 1
5060 0 16739#4 1
5061 0 26628#0 1
5062 0 26691#0 1
5063 0 210108#1 1
5063 0 210108#2 1
5064 0 111270#4 1
5065 0 17247#2 1
5066 0 40068#0 1
5067 0 22219#0 1
5068 0 18000#1 1
5069 0 74655#5 1
5070 0 28490#0 1
5071 0 102213#2 1
5072 0 27999#0 1
5073 0 54774#0 1
5074 0 249017#0 1
5075 0 24109#0 1
5076 0 108918#0 1
5077 0 233591#0 1
5077 0 233591#12 1
5078 0 29077#0 1
5079 0 72202#1 1
5080 0 27853#0 1
5081 0 21919#1 1
5082 0 23560#1 1
5083 0 51180#1 1
5084 0 130789#2 1
5085 0 152670#1 1
5086 0 24056#0 1
5087 0 107011#1 1
5088 0 23761#0 1
5088 0 23761#19 1
5089 0 1591#17 1
5090 0 34214#0 1
5091 0 7364#1 1
5092 0 29959#0 1
5093 0 30354#0 1
5094 0 136420#0 1
5095 0 49060#0 1
5096 0 106424#0 1
5097 0 154260#1 1
5098 0 29337#0 1
5099 0 17152#5 1
5100 0 24094#0 1
5101 0 97874#3 1
5102 0 52616#0 1
5103 0 152795#1 1
5104 0 57794#0 1
5105 0 82056#3 1
5105 0 82056#12 1
5106 0 36559#0 1
5107 0 29187#0 1
5108 0 108613#5 1
5109 0 246155#0 1
5110 0 36509#0 1
5111 0 36775#0 1
5112 0 67122#1 1
5113 0 109037#0 1
5114 0 17808#2 1
5115 0 23756#0 1
5116 0 30378#0 1
5117 0 210108#0 1
5118 0 28835#0 1
5119 0 51568#1 1
5120 0 37013#0 1
5121 0 205191#1 1
5122 0 92923#1 1
5123 0 50339#0 1
5124 0 254980#0 1
5125 0 36964#0 1
5126 0 22779#0 1
5127 0 26778#0 1
5128 0 118644#2 1
5129 0 34389#0 1
5130 0 16090#1 1
5131 0 21521#0 1
5132 0 23175#1 1
5133 0 30962#0 1
5134 0 107113#0 1
5134 0 107113#1 1
5135 0 230827#1 1
5136 0 34850#2 1
5137 0 57915#0 1
5138 0 23167#0 1
5139 0 73739#0 1
5140 0 102744#6 1
5141 0 221547#0 1
5142 0 252676#1 1
5143 0 251758#0 1
5144 0 21928#2 1
5145 0 105240#3 1
5146 0 142892#1 1
5147 0 48437#0 1
5148 0 15930#0 1
5149 0 28487#0 1
5150 0 27157#0 1
5151 0 22411#0 1
5152 0 52721#0 1
5153 0 170505#1 1
5154 0 57314#1 1
5155 0 29045#0 1
5156 0 88365#1 1
5157 0 52436#1 1
5158 0 14940#2 1
5159 0 104042#9 1
5160 0 51362#0 1
5161 0 29689#0 1
5162 0 22361#0 1
5163 0 40147#4 1
5164 0 206394#1 1
5165 0 36618#0 1
5166 0 29914#0 1
5167 0 23137#1 1
5168 0 5932#0 1
5169 0 112002#1 1
5170 0 29644#0 1
5171 0 57620#0 1
5172 0 100628#15 1
5173 0 186368#1 1
5174 0 22400#0 1
5175 0 129543#0 1
5176 0 108945#2 1
5177 0 223222#4 1
5178 0 85707#1 1
5179 0 25002#0 1
5180 0 57780#0 1
5181 0 58095#0 1
5182 0 143628#0 1
5183 0 10227#2 1
5184 0 21928#2 1
5185 0 233591#3 1
5186 0 27940#0 1
5187 0 28429#0 1
5188 0 104162#2 1
5189 0 183959#0 1
5190 0 58104#0 1
5191 0 36744#0 1
5192 0 39640#1 1
5193 0 57756#0 1
5194 0 231857#2 1
5195 0 36627#0 1
5196 0 109133#8 1
5197 0 227208#0 1
5198 0 110043#0 1
5198 0 110043#82 1
5199 0 15557#0 1
5200 0 21072#1 1
5201 0 34172#1 1
5202 0 30352#0 1
5203 0 26109#1 1
5204 0 29636#0 1
5205 0 29756#0 1
5206 0 154164#1 1
5207 0 99614#0 1
5208 0 10648#1 1
5209 0 99064#1 1
5210 0 58098#0 1
5211 0 23384#1 1
5212 0 9374#1 1
5212 0 9374#27 1
5213 0 21403#2 1
5214 0 28480#0 1
5215 0 186368#1 1
5216 0 29071#0 1
5217 0 32001#0 1
5218 0 40967#0 1
5218 0 40967#1 1
5219 0 40156#2 1
5220 0 36514#0 1
5221 0 34020#0 1
5222 0 28572#0 1
5223 0 49311#0 1
5224 0 6553#2 1
5225 0 107457#0 1
5225 0 107457#5 1
5226 0 23172#1 1
5227 0 60611#0 1
5228 0 28692#0 1
5229 0 16599#1 1
5229 0 16599#3 1
5230 0 49026#0 1
5231 0 28997#0 1
5232 0 40000#2 1
5233 0 102213#2 1
5234 0 15815#0 1
5235 0 34041#0 1
5236 0 156448#1 1
5237 0 62126#0 1
5237 0 62126#1 1
5238 0 107220#9 1
5238 0 107220#7 1
5239 0 172206#0 1
5240 0 230827#0 1
5241 0 37565#0 1
5242 0 23173#1 1
5243 0 1517#0 1
5244 0 94236#2 1
5244 0 94236#23 1
5245 0 64051#0 1
5246 0 29919#0 1
5247 0 8223#1 1
5248 0 27794#0 1
5249 0 30378#0 1
5250 0 52721#0 1
5251 0 100031#0 1
5252 0 23722#0 1
5253 0 250394#0 1
5254 0 28682#0 1
5255 0 57808#0 1
5256 0 23832#1 1
5257 0 72453#1 1
5258 0 6836#2 1
5259 0 61529#0 1
5260 0 36744#0 1
5261 0 50094#0 1
5262 0 29914#0 1
5263 0 40068#0 1
5263 0 40068#1 1
5264 0 28309#0 1
5265 0 22248#0 1
5266 0 92880#12 1
5267 0 21728#0 1
5268 0 253307#0 1
5269 0 226940#0 1
5270 0 117292#0 1
5270 0 117292#5 1
5271 0 30184#0 1
5272 0 146722#2 1
5273 0 29699#0 1
5274 0 14896#2 1
5275 0 23018#1 1
5276 0 22653#0 1
5277 0 48743#0 1
5278 0 144371#0 1
5279 0 58078#0 1
5280 0 72998#1 1
5281 0 40146#1 1
5282 0 30012#0 1
5283 0 76307#1 1
5284 0 103897#0 1
5285 0 6310#2 1
5286 0 108918#1 1
5287 0 57620#0 1
5288 0 156281#1 1
5289 0 52359#0 1
5290 0 29915#0 1
5291 0 58047#0 1
5292 0 266086#0 1
5293 0 192562#1 1
5294 0 40146#0 1
5294 0 40146#1 1
5295 0 100993#1 1
5296 0 57753#0 1
5297 0 206394#1 1
5298 0 141456#1 1
5299 0 75666#1 1
5300 0 22429#0 1
5301 0 51911#1 1
5302 0 1586#0 1
5303 0 34403#0 1
5304 0 61736#0 1
5305 0 82437#0 1
5306 0 25909#0 1
5307 0 252676#1 1
5308 0 28539#0 1
5309 0 34905#0 1
5310 0 21761#2 1
5311 0 29187#0 1
5312 0 66006#0 1
5313 0 51965#0 1
5314 0 254029#1 1
5315 0 219222#1 1
5316 0 229792#0 1
5317 0 35741#0 1
5318 0 30385#0 1
5319 0 50846#0 1
5320 0 2512#1 1
5321 0 29000#0 1
5322 0 27777#0 1
5323 0 1814#0 1
5324 0 30378#0 1
5325 0 60499#1 1
5326 0 156448#1 1
5327 0 22865#1 1
5328 0 160111#0 1
5329 0 111496#2 1
5330 0 50972#0 1
5331 0 29077#0 1
5332 0 232978#1 1
5333 0 246777#1 1
5334 0 105556#23 1
5335 0 58150#0 1
5336 0 104402#5 1
5337 0 8252#1 1
5338 0 65689#0 1
5339 0 39380#0 1
5340 0 21128#1 1
5341 0 23870#1 1
5342 0 17152#1 1
5342 0 17152#5 1
5343 0 251143#1 1
5344 0 57314#1 1
5345 0 106788#13 1
5345 0 106788#15 1
5346 0 28587#0 1
5347 0 29492#0 1
5348 0 22562#0 1
5349 0 21868#0 1
5350 0 91184#1 1
5351 0 50094#0 1
5352 0 105609#5 1
5353 0 219222#1 1
5354 0 27794#0 1
5355 0 29325#0 1
5356 0 143628#0 1
5357 0 55715#0 1
5358 0 21865#0 1
5359 0 27678#0 1
5360 0 8543#0 1
5361 0 87967#0 1
5362 0 29497#0 1
5363 0 28429#0 1
5364 0 28946#0 1
5365 0 105268#2 1
5366 0 24743#0 1
5367 0 23018#1 1
5368 0 58133#0 1
5369 0 22827#1 1
5370 0 28769#0 1
5371 0 22739#0 1
5372 0 63063#2 1
5373 0 28162#0 1
5374 0 154690#0 1
5375 0 192877#1 1
5376 0 22040#0 1
5377 0 29492#0 1
5378 0 36482#0 1
5379 0 4784#0 1
5380 0 110841#0 1
5381 0 105604#0 1
5382 0 27790#0 1
5382 0 27790#1 1
5383 0 24283#0 1
5384 0 40068#1 1
5385 0 76244#2 1
5386 0 32302#0 1
5387 0 17333#5 1
5388 0 31396#7 1
5389 0 29915#0 1
5390 0 37009#0 1
5391 0 28999#0 1
5392 0 24055#0 1
5393 0 251143#3 1
5394 0 117734#1 1
5395 0 212513#0 1
5396 0 105558#0 1
5397 0 23331#1 1
5397 0 23331#15 1
5398 0 8543#0 1
5399 0 52041#1 1
5401 0 39617#1 1
5402 0 23478#0 1
5403 0 29337#0 1
5404 0 28327#0 1
5405 0 6819#3 1
5406 0 143628#0 1
5407 0 34032#0 1
5408 0 172586#1 1
5409 0 49464#0 1
5410 0 24139#0 1
5411 0 28183#0 1
5412 0 67106#2 1
5413 0 84269#2 1
5414 0 13342#0 1
5415 0 22832#1 1
5416 0 51173#0 1
5417 0 5498#1 1
5418 0 1591#0 1
5419 0 240033#0 1
5420 0 104891#1 1
5421 0 271153#1 1
5422 0 90968#3 1
5423 0 81211#0 1
5424 0 23048#1 1
5425 0 57854#0 1
5426 0 23120#1 1
5427 0 28867#0 1
5428 0 22812#1 1
5429 0 40006#1 1
5430 0 9392#0 1
5431 0 34147#0 1
5432 0 78453#0 1
5433 0 101576#6 1
5434 0 5487#3 1
5435 0 36337#0 1
5436 0 27628#0 1
5437 0 17463#2 1
5438 0 29906#0 1
5439 0 21506#0 1
5440 0 25030#0 1
5441 0 9312#0 1
5442 0 59839#0 1
5443 0 265006#3 1
5444 0 227094#0 1
5445 0 106042#3 1
5446 0 28339#0 1
5447 0 2482#1 1
5448 0 11972#0 1
5449 0 22115#0 1
5450 0 29117#0 1
5451 0 102487#10 1
5452 0 21761#2 1
5453 0 28792#0 1
5454 0 21735#0 1
5455 0 6838#2 1
5456 0 66901#5 1
5457 0 79359#1 1
5458 0 85624#0 1
5459 0 57879#0 1
5460 0 21418#0 1
5461 0 89216#0 1
5462 0 37060#0 1
5463 0 23754#0 1
5464 0 32659#0 1
5465 0 152441#1 1
5466 0 21407#4 1
5467 0 193645#1 1
5468 0 102362#4 1
5469 0 132064#4 1
5470 0 8220#0 1
5471 0 21798#0 1
5472 0 32511#0 1
5473 0 28487#0 1
5474 0 28413#0 1
5475 0 22832#1 1
5476 0 192877#1 1
5477 0 141472#2 1
5478 0 9374#3 1
5479 0 219222#1 1
5479 0 219222#6 1
5480 0 210108#0 1
5481 0 206394#2 1
5482 0 22429#0 1
5483 0 31251#0 1
5484 0 55647#0 1
5485 0 36855#0 1
5486 0 172949#0 1
5487 0 227033#0 1
5488 0 37676#2 1
5489 0 17605#5 1
5490 0 164309#2 1
5491 0 28765#0 1
5492 0 111281#6 1
5493 0 209151#4 1
5494 0 28759#0 1
5495 0 52194#1 1
5496 0 117292#1 1
5497 0 34067#0 1
5498 0 50093#0 1
5499 0 24242#0 1
5500 0 27059#0 1
5501 0 22842#1 1
5502 0 108382#2 1
5503 0 59663#0 1
5504 0 28429#0 1
5505 0 23620#1 1
5506 0 87967#0 1
5506 0 87967#1 1
5507 0 7130#2 1
5508 0 24364#0 1
5509 0 57756#0 1
5510 0 2524#0 1
5511 0 54981#1 1
5512 0 29218#0 1
5513 0 108918#3 1
5514 0 23222#1 1
5515 0 32372#0 1
5516 0 104096#1 1
