4447 0 424730#5 1
4448 0 42643897#0 1
4448 0 42643897#2 1
4449 0 514458#2 1
4450 0 41678169#2 1
4450 0 41678169#21 1
4451 0 32099129#2 1
4452 0 58686#5 1
4452 0 58686#6 1
4453 0 42869687#42 1
4454 0 18426653#33 1
4454 0 18426653#6 1
4455 0 966753#3 1
4455 0 966753#6 1
4455 0 966753#15 1
4456 0 284223#0 1
4456 0 284223#6 1
4456 0 284223#7 1
4457 0 621575#0 1
4458 0 18596#0 1
4458 0 18596#15 1
4459 0 5055767#1 1
4459 0 5055767#3 1
4460 0 984#2 1
4461 0 263993#3 1
4462 0 8127750#48 1
4462 0 8127750#50 1
4463 0 404748#1 1
4464 0 6723726#0 1
4465 0 182049#2 1
4465 0 182049#3 1
4465 0 182049#100 1
4466 0 239646#4 1
4466 0 239646#6 1
4467 0 27470#1 1
4468 0 92693#0 1
4469 0 12153654#2 1
4469 0 12153654#5 1
4470 0 2325724#8 1
4471 0 23678#38 1
4472 0 1190756#0 1
4473 0 25141#1 1
4474 0 356155#4 1
4475 0 27636#1 1
4476 0 614750#27 1
4477 0 37872#0 1
4478 0 21342#3 1
4479 0 796855#11 1
4480 0 18862523#0 1
4481 0 31054937#1 1
4482 0 18859390#0 1
4483 0 22317868#3 1
4484 0 25679#1 1
4485 0 11214212#2 1
4485 0 11214212#7 1
4486 0 4081056#0 1
4487 0 454078#0 1
4487 0 454078#14 1
4488 0 321700#2 1
4489 0 28349#0 1
4489 0 28349#33 1
4490 0 6946102#59 1
4490 0 6946102#60 1
4491 0 3362281#1 1
4492 0 38041#25 1
4493 0 1593130#1 1
4493 0 1593130#10 1
4494 0 182049#0 1
4495 0 21035#57 1
4496 0 44356#48 1
4497 0 193975#7 1
4498 0 977144#0 1
4499 0 2589946#0 1
4499 0 2589946#1 1
4500 0 13972#1 1
4500 0 13972#2 1
4501 0 5842363#0 1
4502 0 4464817#32 1
4503 0 24761#6 1
4504 0 21260#69 1
4505 0 27009#2 1
4506 0 40258#6 1
4507 0 237647#1 1
4508 0 3458#0 1
4509 0 160878#2 1
4509 0 160878#3 1
4510 0 7619431#1 1
4511 0 981#0 1
4512 0 27636#0 1
4512 0 27636#1 1
4513 0 495873#0 1
4514 0 6343#0 1
4515 0 61998#23 1
4516 0 48129#14 1
4517 0 21355232#1 1
4518 0 35494463#0 1
4519 0 22847933#5 1
4520 0 4235754#2 1
4521 0 3983225#0 1
4522 0 299732#0 1
4523 0 156481#21 1
4524 0 277462#1 1
4525 0 353095#0 1
4526 0 1693546#0 1
4527 0 2320631#0 1
4528 0 1009776#8 1
4529 0 1681204#27 1
4530 0 16765927#5 1
4531 0 952551#0 1
4531 0 952551#2 1
4532 0 176739#12 1
4533 0 6598#6 1
4534 0 347282#2 1
4535 0 48780#0 1
4536 0 903846#3 1
4536 0 903846#39 1
4537 0 10653#2 1
4538 0 565602#4 1
4539 0 8033943#9 1
4539 0 8033943#2 1
4540 0 19544151#11 1
4541 0 21654#1 1
4542 0 23773#0 1
4543 0 26990#5 1
4543 0 26990#6 1
4544 0 9467#1 1
4545 0 4717#14 1
4546 0 65192#7 1
4547 0 2014117#43 1
4548 0 343234#0 1
4548 0 343234#1 1
4549 0 199661#11 1
4550 0 27751221#1 1
4551 0 23070#2 1
4552 0 1409201#0 1
4553 0 42261#3 1
4553 0 42261#4 1
4554 0 508274#0 1
4555 0 1186166#1 1
4556 0 242099#1 1
4557 0 183897#1 1
4558 0 43719#0 1
4558 0 43719#15 1
4559 0 21950#83 1
4560 0 2801501#0 1
4561 0 11702744#0 1
4562 0 9730#0 1
4562 0 9730#4 1
4563 0 758737#0 1
4564 0 5244#0 1
4564 0 5244#1 1
4565 0 3921#31 1
4566 0 10854#1 1
4566 0 10854#5 1
4567 0 2040049#0 1
4568 0 42097#0 1
4569 0 166437#1 1
4570 0 574166#0 1
4570 0 574166#19 1
4571 0 19555586#3 1
4572 0 27909204#0 1
4572 0 27909204#3 1
4573 0 174376#3 1
4574 0 18949284#26 1
4574 0 18949284#12 1
4575 0 43794#8 1
4575 0 43794#1 1
4576 0 1148#0 1
4577 0 49823#0 1
4577 0 49823#3 1
4578 0 92693#0 1
4578 0 92693#3 1
4579 0 198796#1 1
4580 0 68300#0 1
4581 0 199778#0 1
4582 0 2259567#0 1
4583 0 10278635#0 1
4584 0 51525691#2 1
4585 0 24204#18 1
4586 0 19555#0 1
4587 0 1024143#0 1
4588 0 110280#3 1
4589 0 495873#0 1
4590 0 4931186#0 1
4591 0 42764#2 1
4591 0 42764#4 1
4592 0 1899596#0 1
4593 0 632800#1 1
4594 0 53941569#1 1
4595 0 1354339#0 1
4596 0 73592#1 1
4597 0 4266365#0 1
4598 0 496028#14 1
4600 0 11523787#0 1
4601 0 25205811#7 1
4603 0 19283361#1 1
4604 0 32337202#6 1
4605 0 36856#18 1
4606 0 21211#1 1
4607 0 21384#1 1
4607 0 21384#2 1
4608 0 30397063#0 1
4608 0 30397063#1 1
4609 0 30041#0 1
4610 0 26197#1 1
4611 0 36806#4 1
4612 0 436251#0 1
4613 0 59443571#0 1
4614 0 5639#0 1
4615 0 47823714#0 1
4616 0 21482#0 1
4616 0 21482#2 1
4617 0 34392#1 1
4618 0 56865#2 1
4618 0 56865#4 1
4619 0 2497525#0 1
4620 0 48339#7 1
4621 0 5314#9 1
4622 0 33594#0 1
4623 0 8530#1 1
4624 0 31979#4 1
4625 0 19526030#54 1
4626 0 42764#0 1
4627 0 10897113#0 1
4628 0 3497751#1 1
4629 0 60877#14 1
4629 0 60877#15 1
4630 0 628782#37 1
4630 0 628782#38 1
4631 0 16727746#10 1
4632 0 766765#5 1
4633 0 2669287#0 1
4634 0 18369#1 1
4635 0 8907435#0 1
4635 0 8907435#1 1
4636 0 27036#3 1
4637 0 757835#0 1
4638 0 10727548#1 1
4639 0 18914017#0 1
4639 0 18914017#6 1
4640 0 796619#0 1
4641 0 31422#0 1
4642 0 77887#0 1
4642 0 77887#4 1
4643 0 981#0 1
4644 0 34033#26 1
4645 0 155177#2 1
4645 0 155177#87 1
4646 0 958#28 1
4646 0 958#23 1
4647 0 34524418#2 1
4648 0 29152#0 1
4649 0 61998#2 1
4650 0 27643#9 1
4650 0 27643#10 1
4651 0 17618723#10 1
4652 0 188957#0 1
4652 0 188957#17 1
4653 0 12411751#1 1
4654 0 23290197#52 1
4655 0 13148#0 1
4656 0 14779725#1 1
4657 0 5810#0 1
4658 0 6443348#0 1
4659 0 33034803#1 1
4660 0 4483626#0 1
4661 0 585009#0 1
4662 0 34494#3 1
4663 0 198030#0 1
4664 0 4414068#3 1
4665 0 677038#2 1
4666 0 4259421#2 1
4667 0 903360#2 1
4667 0 903360#4 1
4668 0 1503073#0 1
4669 0 5211426#0 1
4669 0 5211426#2 1
4670 0 5155825#9 1
4671 0 1275576#6 1
4672 0 412096#0 1
4672 0 412096#1 1
4672 0 412096#2 1
4673 0 5447#26 1
4673 0 5447#3 1
4674 0 2817606#1 1
4674 0 2817606#7 1
4675 0 174609#0 1
4676 0 2728568#0 1
4676 0 2728568#10 1
4677 0 23820144#2 1
4677 0 23820144#14 1
4678 0 14407780#1 1
4679 0 305835#9 1
4680 0 2589714#0 1
4681 0 73469#3 1
4682 0 28617#18 1
4683 0 330282#44 1
4684 0 1574905#0 1
4684 0 1574905#3 1
4685 0 220841#1 1
4686 0 392828#33 1
4687 0 14220#0 1
4687 0 14220#5 1
4688 0 2671614#2 1
4689 0 16972981#1 1
4690 0 27009#0 1
4691 0 39426115#1 1
4692 0 21328899#0 1
4693 0 3825974#0 1
4694 0 1883850#0 1
4695 0 5777711#0 1
4696 0 44887#37 1
4697 0 38203#0 1
4698 0 55809099#2 1
4699 0 1125149#3 1
4699 0 1125149#4 1
4700 0 19835450#3 1
4701 0 65109#0 1
4702 0 166346#0 1
4703 0 18914017#1 1
4703 0 18914017#41 1
4704 0 25005953#0 1
4705 0 37461#0 1
4706 0 27783#1 1
4707 0 4372722#2 1
4708 0 952551#24 1
4708 0 952551#1 1
4709 0 24944#6 1
4710 0 2994351#69 1
4711 0 8580542#0 1
4711 0 8580542#1 1
4712 0 1364343#7 1
4713 0 21355232#0 1
4714 0 26259#0 1
4715 0 365698#68 1
4716 0 48704155#0 1
4717 0 21863332#3 1
4718 0 32015360#0 1
4718 0 32015360#11 1
4719 0 471230#0 1
4720 0 52040#0 1
4721 0 6889398#10 1
4722 0 27158894#59 1
4723 0 8156026#0 1
4724 0 56004635#1 1
4725 0 1386585#0 1
4726 0 36856#0 1
4727 0 756506#3 1
4728 0 7441353#2 1
4729 0 8082#4 1
4730 0 211583#55 1
4731 0 29116221#0 1
4732 0 402653#1 1
4732 0 402653#2 1
4733 0 15823#34 1
4734 0 737708#1 1
4735 0 20353#0 1
4735 0 20353#42 1
4735 0 20353#4 1
4736 0 4340750#0 1
4737 0 5448725#7 1
4738 0 411477#2 1
4739 0 50491086#29 1
4740 0 35458791#44 1
4740 0 35458791#87 1
4741 0 839504#8 1
4742 0 22669979#0 1
4743 0 38539#0 1
4743 0 38539#3 1
4744 0 29238#3 1
4745 0 4746063#0 1
4745 0 4746063#1 1
4746 0 355729#28 1
4747 0 1978091#3 1
4748 0 58410#0 1
4749 0 209876#3 1
4750 0 744052#36 1
4751 0 30058#4 1
4752 0 9276466#2 1
4753 0 11469542#1 1
4754 0 37036794#0 1
4755 0 6525714#3 1
4755 0 6525714#21 1
4756 0 173560#22 1
4757 0 14711#1 1
4757 0 14711#5 1
4758 0 247776#1 1
4759 0 3019947#3 1
4760 0 255919#19 1
4761 0 381921#0 1
4762 0 55549213#0 1
4762 0 55549213#1 1
4763 0 27751221#1 1
4763 0 27751221#5 1
4764 0 3885612#0 1
4764 0 3885612#2 1
4765 0 2020378#1 1
4765 0 2020378#45 1
4766 0 998933#0 1
4767 0 18914017#57 1
4767 0 18914017#2 1
4768 0 1625068#0 1
4769 0 71100#4 1
4770 0 26955647#7 1
4771 0 413928#1 1
4772 0 19723957#4 1
4773 0 12240#0 1
4773 0 12240#58 1
4774 0 5131#1 1
4774 0 5131#9 1
4775 0 56988315#4 1
4776 0 2443027#5 1
4777 0 442869#0 1
4778 0 61344#33 1
4779 0 19283335#2 1
4780 0 637627#1 1
4780 0 637627#2 1
4780 0 637627#21 1
4781 0 56169336#20 1
4782 0 76080#4 1
4783 0 23454335#0 1
4784 0 47710#1 1
4785 0 21396796#4 1
4786 0 869677#17 1
4787 0 14447332#0 1
4788 0 18933266#1 1
4789 0 3604726#0 1
4790 0 3211962#2 1
4790 0 3211962#4 1
4791 0 3019947#26 1
4791 0 3019947#6 1
4792 0 1369486#12 1
4792 0 1369486#38 1
4793 0 1358453#0 1
4794 0 211583#7 1
4795 0 146843#1 1
4796 0 21208967#11 1
4797 0 5859626#0 1
4797 0 5859626#2 1
4798 0 45311#2 1
4799 0 444541#3 1
4800 0 358093#69 1
4800 0 358093#70 1
4801 0 6299440#0 1
4802 0 1717180#0 1
4803 0 6657578#0 1
4804 0 92421#0 1
4805 0 18701#23 1
4806 0 2468189#0 1
4807 0 3627786#1 1
4807 0 3627786#4 1
4808 0 72891#4 1
4809 0 42283#0 1
4810 0 273726#0 1
4811 0 5447#11 1
4811 0 5447#3 1
4812 0 2877124#17 1
4813 0 320951#9 1
4814 0 5762#3 1
4814 0 5762#6 1
4815 0 512737#0 1
4816 0 6418587#22 1
4817 0 101965#0 1
4817 0 101965#2 1
4818 0 182049#29 1
4819 0 23253#0 1
4819 0 23253#1 1
4820 0 4626624#1 1
4820 0 4626624#2 1
4821 0 2191232#1 1
4822 0 40494892#2 1
4823 0 3902028#1 1
4823 0 3902028#2 1
4824 0 4054#0 1
4824 0 4054#4 1
4825 0 456058#2 1
4826 0 30503#1 1
4826 0 30503#2 1
4827 0 19053#70 1
4827 0 19053#71 1
4828 0 24265#0 1
4829 0 56865#1 1
4830 0 12937463#0 1
4831 0 33051527#0 1
4831 0 33051527#6 1
4832 0 14308#0 1
4833 0 33183306#1 1
4834 0 1757175#0 1
4835 0 2530342#1 1
4836 0 176325#0 1
4837 0 6664662#22 1
4838 0 450116#3 1
4839 0 554578#2 1
4840 0 410826#3 1
4841 0 10253#1 1
4842 0 3354#0 1
4843 0 18024#0 1
4844 0 15637786#3 1
4845 0 31030456#23 1
4846 0 11675105#0 1
4846 0 11675105#21 1
4847 0 221199#1 1
4848 0 619071#54 1
4848 0 619071#7 1
4849 0 2101#0 1
4850 0 21171418#0 1
4851 0 35994946#0 1
4852 0 140824#0 1
4853 0 516752#9 1
4854 0 15997328#1 1
4855 0 194200#0 1
4856 0 10016937#1 1
4857 0 33445477#0 1
4858 0 18925#0 1
4858 0 18925#6 1
4859 0 63125#88 1
4859 0 63125#84 1
4860 0 22232608#0 1
4861 0 38115#0 1
4861 0 38115#24 1
4862 0 1849559#42 1
4862 0 1849559#5 1
4863 0 37789#0 1
4864 0 159275#0 1
4865 0 365558#1 1
4866 0 32164#1 1
4867 0 156891#0 1
4868 0 58410#0 1
4869 0 24096#0 1
4870 0 5791492#0 1
4871 0 2957741#10 1
4871 0 2957741#5 1
4872 0 31979#8 1
4873 0 2281782#18 1
4873 0 2281782#13 1
4874 0 221788#0 1
4875 0 482836#0 1
4876 0 3482778#2 1
4876 0 3482778#6 1
4877 0 37000101#0 1
4878 0 51282#17 1
4878 0 51282#6 1
4879 0 38776#0 1
4879 0 38776#10 1
4880 0 11772536#3 1
4881 0 402261#4 1
4882 0 47588715#2 1
4883 0 24121#0 1
4883 0 24121#36 1
4884 0 9990279#1 1
4885 0 3235536#18 1
4886 0 54992011#0 1
4887 0 718602#0 1
4888 0 51282#7 1
4889 0 38274#0 1
4890 0 43281#9 1
4890 0 43281#6 1
4891 0 8163924#0 1
4892 0 19053#4 1
4893 0 2282444#0 1
4893 0 2282444#7 1
4894 0 55033280#0 1
4895 0 129801#52 1
4896 0 1858218#1 1
4896 0 1858218#7 1
4897 0 604685#0 1
4898 0 24096#12 1
4899 0 8537305#1 1
4900 0 637627#1 1
4901 0 23048594#34 1
4902 0 24002325#1 1
4903 0 38299#0 1
4904 0 5796#0 1
4904 0 5796#1 1
4905 0 28280848#0 1
4906 0 58410#0 1
4907 0 72038#2 1
4907 0 72038#3 1
4907 0 72038#6 1
4908 0 205868#56 1
4909 0 27339#1 1
4910 0 8114986#0 1
4910 0 8114986#9 1
4911 0 19324507#4 1
4912 0 197767#1 1
4913 0 19714#9 1
4914 0 843119#0 1
4915 0 6581987#0 1
4916 0 305854#7 1
4917 0 20427700#8 1
4917 0 20427700#5 1
4918 0 167718#0 1
4919 0 30109#1 1
4920 0 3175138#0 1
4921 0 2257672#1 1
4921 0 2257672#5 1
4922 0 392828#6 1
4923 0 10783#2 1
4924 0 305679#1 1
4925 0 21511#0 1
4926 0 26254474#0 1
4927 0 317383#0 1
4928 0 1619306#0 1
4929 0 11240#11 1
4930 0 28300951#0 1
4931 0 43459#1 1
4932 0 49213210#0 1
4934 0 3926274#39 1
4935 0 25916#0 1
4935 0 25916#1 1
4936 0 21240#48 1
4936 0 21240#1 1
4936 0 21240#5 1
4937 0 5099168#1 1
4938 0 1239#1 1
4939 0 6438#9 1
4939 0 6438#26 1
4940 0 13590511#0 1
4941 0 29378#0 1
4941 0 29378#2 1
4942 0 644622#1 1
4943 0 10389151#1 1
4943 0 10389151#2 1
4944 0 199154#2 1
4945 0 55721#1 1
4946 0 161547#0 1
4947 0 37461#0 1
4948 0 58410#0 1
4949 0 40717444#0 1
4949 0 40717444#1 1
4950 0 650906#0 1
4950 0 650906#2 1
4951 0 181274#0 1
4952 0 60891#6 1
4953 0 211960#0 1
4954 0 87525#0 1
4955 0 28833#17 1
4955 0 28833#42 1
4956 0 1709914#1 1
4957 0 542071#0 1
4958 0 30275656#2 1
4959 0 198796#1 1
4960 0 24002325#0 1
4961 0 24508#6 1
4962 0 42764#0 1
4963 0 6693851#0 1
4963 0 6693851#17 1
4964 0 24944#35 1
4965 0 144553#0 1
4966 0 24285003#3 1
4967 0 619071#2 1
4968 0 984#0 1
4968 0 984#49 1
4968 0 984#71 1
4969 0 65017#13 1
4969 0 65017#37 1
4970 0 197268#3 1
4971 0 10783#2 1
4972 0 5123865#1 1
4973 0 11624591#1 1
4974 0 42982848#44 1
4974 0 42982848#46 1
4975 0 1517452#3 1
4976 0 36082813#5 1
4977 0 34881556#1 1
4977 0 34881556#18 1
4978 0 4576465#2 1
4979 0 30797574#0 1
4979 0 30797574#1 1
4980 0 7254152#0 1
4981 0 266656#0 1
4982 0 49603#1 1
4983 0 38860786#10 1
4983 0 38860786#35 1
4984 0 8670724#0 1
4985 0 1738731#1 1
4986 0 65017#0 1
4987 0 18266484#1 1
4988 0 24117#0 1
4989 0 12669608#0 1
4989 0 12669608#25 1
4990 0 857888#0 1
4991 0 77242#0 1
4992 0 479336#5 1
4993 0 44475#0 1
4994 0 3089617#0 1
4995 0 939569#0 1
4996 0 65192#0 1
4996 0 65192#1 1
4997 0 744052#5 1
4998 0 341903#0 1
4999 0 242911#2 1
4999 0 242911#66 1
4999 0 242911#39 1
5000 0 21302#2 1
5000 0 21302#12 1
5000 0 21302#28 1
5001 0 145429#23 1
5002 0 4652#2 1
5003 0 56558#5 1
5004 0 29055353#18 1
5005 0 19714#38 1
5006 0 30745679#0 1
5007 0 2654397#3 1
5007 0 2654397#36 1
5008 0 23278520#0 1
5009 0 11523787#0 1
5010 0 211271#25 1
5010 0 211271#2 1
5011 0 365698#72 1
5012 0 29816#0 1
5013 0 561315#0 1
5014 0 11479#0 1
5015 0 78377#1 1
5015 0 78377#6 1
5016 0 20103022#0 1
5017 0 8082#72 1
5017 0 8082#29 1
5017 0 8082#31 1
5018 0 1214#7 1
5019 0 286327#0 1
5019 0 286327#11 1
5020 0 29681635#0 1
5021 0 19178886#26 1
5022 0 803842#1 1
5023 0 179184#40 1
5023 0 179184#2 1
5024 0 3430#8 1
5025 0 7053112#0 1
5026 0 3935481#16 1
5027 0 3378533#1 1
5028 0 277731#1 1
5029 0 637087#4 1
5029 0 637087#5 1
5030 0 12623300#0 1
5031 0 915786#1 1
5031 0 915786#78 1
5032 0 25488797#1 1
5033 0 23025096#0 1
5033 0 23025096#3 1
5034 0 5314#4 1
5035 0 3032314#21 1
5036 0 5314#1 1
5037 0 984#1 1
5037 0 984#4 1
5038 0 59400#11 1
5039 0 14799281#12 1
5040 0 56865#20 1
5041 0 11772536#3 1
5042 0 123572#2 1
5043 0 4002994#0 1
5044 0 25709#6 1
5045 0 493816#0 1
5045 0 493816#1 1
5046 0 37802#1 1
5047 0 5527901#0 1
5048 0 55164138#0 1
5049 0 8961317#1 1
5050 0 19468046#0 1
5051 0 15022#65 1
5051 0 15022#1 1
5052 0 207089#0 1
5053 0 1656653#0 1
5054 0 19280748#1 1
5054 0 19280748#82 1
5055 0 192198#2 1
5056 0 19468510#16 1
5056 0 19468510#2 1
5057 0 5434729#18 1
5057 0 5434729#14 1
5058 0 2911184#0 1
5059 0 1163923#0 1
5060 0 3800477#0 1
5060 0 3800477#4 1
5061 0 33629#1 1
5062 0 38539#0 1
5063 0 7446#1 1
5064 0 40701380#0 1
5065 0 3209075#5 1
5066 0 6435232#0 1
5067 0 21123301#0 1
5068 0 71734#30 1
5069 0 29657#30 1
5070 0 2862757#2 1
5071 0 1126723#0 1
5072 0 40950178#1 1
5073 0 979441#0 1
5074 0 3810976#0 1
5075 0 21493015#11 1
5076 0 1144769#0 1
5077 0 11442#80 1
5077 0 11442#35 1
5077 0 11442#3 1
5078 0 43256469#4 1
5079 0 24139776#0 1
5080 0 8082#2 1
5081 0 38333096#0 1
5082 0 18824671#3 1
5083 0 355802#0 1
5083 0 355802#1 1
5084 0 18266484#1 1
5084 0 18266484#28 1
5085 0 5739489#0 1
5086 0 8500284#0 1
5087 0 27002605#11 1
5087 0 27002605#12 1
5088 0 168312#9 1
5088 0 168312#4 1
5089 0 549472#1 1
5090 0 25845#51 1
5091 0 377551#1 1
5092 0 13248239#4 1
5093 0 5760#17 1
5094 0 208407#0 1
5095 0 145429#0 1
5096 0 355802#0 1
5096 0 355802#2 1
5097 0 13816362#4 1
5098 0 20810041#0 1
5099 0 14754711#1 1
5100 0 196788#3 1
5101 0 3431142#24 1
5101 0 3431142#35 1
5101 0 3431142#12 1
5102 0 9508#1 1
5103 0 26982485#0 1
5103 0 26982485#4 1
5104 0 11966#7 1
5105 0 43281#22 1
5106 0 402261#4 1
5107 0 26982485#5 1
5108 0 5639#0 1
5109 0 235899#3 1
5110 0 9218054#0 1
5111 0 9248#76 1
5112 0 7878457#16 1
5113 0 26176430#0 1
5114 0 5094570#2 1
5115 0 5310412#0 1
5116 0 44911#9 1
5116 0 44911#11 1
5117 0 30275656#0 1
5118 0 27751221#1 1
5119 0 94784#0 1
5119 0 94784#1 1
5120 0 16972981#1 1
5120 0 16972981#2 1
5121 0 9232#17 1
5122 0 5365615#2 1
5123 0 1574905#0 1
5124 0 464075#1 1
5125 0 3430#2 1
5126 0 34033#10 1
5127 0 49603#0 1
5128 0 36261660#2 1
5129 0 19381762#0 1
5130 0 2395137#0 1
5131 0 949574#0 1
5131 0 949574#26 1
5132 0 1207#25 1
5133 0 69400#24 1
5134 0 2794117#11 1
5134 0 2794117#3 1
5135 0 41377047#7 1
5136 0 27023#1 1
5136 0 27023#2 1
5137 0 3464169#1 1
5138 0 54416#1 1
5139 0 11936957#0 1
5139 0 11936957#2 1
5140 0 60891#0 1
5141 0 21244409#1 1
5141 0 21244409#17 1
5142 0 1239#18 1
5142 0 1239#12 1
5143 0 313953#0 1
5144 0 9515#2 1
5145 0 29343623#1 1
5146 0 10443117#1 1
5146 0 10443117#3 1
5147 0 6231#1 1
5147 0 6231#2 1
5147 0 6231#14 1
5148 0 5705758#10 1
5149 0 21212971#1 1
5150 0 54923#3 1
5150 0 54923#4 1
5151 0 9365809#0 1
5152 0 47911#6 1
5153 0 5314#4 1
5154 0 22309#3 1
5155 0 36819392#2 1
5156 0 35223708#0 1
5157 0 44290#3 1
5158 0 27184#0 1
5159 0 5447#41 1
5160 0 14138283#2 1
5161 0 34152732#1 1
5162 0 51271#0 1
5163 0 238246#22 1
5164 0 8082#2 1
5165 0 243875#2 1
5166 0 3354#41 1
5167 0 36819392#0 1
5168 0 18128533#2 1
5169 0 4154892#5 1
5170 0 17064#0 1
5171 0 3123949#0 1
5171 0 3123949#9 1
5172 0 1492809#30 1
5173 0 1604678#17 1
5174 0 33686172#0 1
5175 0 2316934#1 1
5176 0 7761520#0 1
5177 0 290749#6 1
5178 0 194276#6 1
5179 0 36672111#0 1
5180 0 171045#0 1
5181 0 99260#4 1
5181 0 99260#5 1
5182 0 84077#0 1
5183 0 43063#0 1
5184 0 78471#1 1
5185 0 38539#3 1
5185 0 38539#5 1
5186 0 25258025#4 1
5187 0 27643#0 1
5188 0 1840562#1 1
5189 0 386327#2 1
5189 0 386327#6 1
5190 0 424987#9 1
5191 0 112274#0 1
5191 0 112274#1 1
5192 0 1404732#4 1
5193 0 56062743#0 1
