15513 0 1266754#1 1
15514 0 67608#0 1
15515 0 68941#0 1
15515 0 68941#3 1
15516 0 1088073#0 1
15517 0 8865#64 1
15517 0 8865#13 1
15518 0 20177#0 1
15519 0 210401#6 1
15520 0 104530#0 1
15521 0 829162#0 1
15522 0 294993#0 1
15523 0 250476#0 1
15524 0 15491#0 1
15525 0 149071#0 1
15526 0 11557#0 1
15526 0 11557#6 1
15527 0 584101#3 1
15528 0 2655052#0 1
15529 0 259406#3 1
15529 0 259406#6 1
15530 0 719072#0 1
15531 0 6889#0 1
15531 0 6889#121 1
15532 0 13589#15 1
15533 0 4322727#0 1
15534 0 3319535#3 1
15535 0 37838#0 1
15536 0 2045#0 1
15536 0 2045#10 1
15537 0 61353#0 1
15538 0 3325#0 1
15539 0 39103#1 1
15540 0 132507#1 1
15541 0 470261#2 1
15542 0 162248#8 1
15542 0 162248#0 1
15543 0 285162#1 1
15544 0 25779#0 1
15545 0 520442#0 1
15546 0 11406#2 1
15546 0 11406#14 1
15547 0 59150#0 1
15547 0 59150#1 1
15548 0 1357#0 1
15548 0 1357#12 1
15549 0 739601#3 1
15550 0 23343#0 1
15551 0 8893#0 1
15552 0 202387#2 1
15552 0 202387#20 1
15553 0 19601#8 1
15554 0 1442024#1 1
15555 0 38978#1 1
15555 0 38978#2 1
15556 0 250476#2 1
15557 0 3761185#0 1
15558 0 1185916#0 1
15559 0 1089754#0 1
15560 0 40917#0 1
15561 0 1118210#29 1
15561 0 1118210#15 1
15562 0 1676544#0 1
15563 0 8865#0 1
15564 0 3762946#0 1
15565 0 866526#0 1
15566 0 5049#0 1
15567 0 657254#0 1
15568 0 461420#0 1
15568 0 461420#36 1
15569 0 3302341#0 1
15570 0 5077741#0 1
15571 0 35535#0 1
15571 0 35535#7 1
15572 0 1505485#1 1
15572 0 1505485#26 1
15573 0 524564#0 1
15573 0 524564#11 1
15574 0 9558#3 1
15575 0 4392274#0 1
15576 0 39779#0 1
15577 0 3854340#1 1
15578 0 23991#0 1
15579 0 291879#0 1
15580 0 923638#1 1
15580 0 923638#22 1
15581 0 1450265#0 1
15582 0 29003#0 1
15583 0 3286117#0 1
15584 0 12053#0 1
15585 0 189494#0 1
15586 0 18692#0 1
15586 0 18692#5 1
15587 0 56655#0 1
15588 0 882211#0 1
15589 0 1310002#0 1
15590 0 1673051#0 1
15591 0 39103#19 1
15592 0 749127#0 1
15592 0 749127#13 1
15593 0 7978#0 1
15593 0 7978#4 1
15594 0 164950#3 1
15594 0 164950#7 1
15595 0 1764522#0 1
15596 0 149066#0 1
15597 0 78195#0 1
15597 0 78195#1 1
15598 0 3921#0 1
15598 0 3921#4 1
15599 0 27812#0 1
15600 0 125384#0 1
15601 0 202387#2 1
15602 0 347988#0 1
15603 0 433529#0 1
15604 0 6592#1 1
15604 0 6592#51 1
15605 0 578066#0 1
15606 0 961632#0 1
15607 0 76#44 1
15607 0 76#20 1
15608 0 615725#0 1
15609 0 43167#0 1
15609 0 43167#3 1
15610 0 8865#64 1
15610 0 8865#13 1
15611 0 1221845#0 1
15612 0 352327#0 1
15613 0 8364#39 1
15614 0 1096346#0 1
15615 0 28977#0 1
15616 0 920864#0 1
15617 0 16162#0 1
15618 0 1506#0 1
15619 0 17535#0 1
15620 0 2280#4 1
15621 0 62761#0 1
15622 0 1123082#0 1
15623 0 1526#0 1
15624 0 545399#0 1
15625 0 25603#1 1
15626 0 348884#0 1
15626 0 348884#5 1
15627 0 724748#0 1
15628 0 941279#0 1
15629 0 3649#1 1
15630 0 42165#1 1
15631 0 1596118#0 1
15632 0 1952833#0 1
15633 0 6958#0 1
15634 0 28914#0 1
15635 0 46552#2 1
15636 0 3092449#0 1
15637 0 170304#0 1
15638 0 963489#0 1
15639 0 10194#0 1
15639 0 10194#12 1
15640 0 1238282#0 1
15641 0 221049#0 1
15641 0 221049#3 1
15642 0 3183150#0 1
15643 0 1045754#0 1
15644 0 1031157#0 1
15645 0 184180#1 1
15646 0 3155988#2 1
15647 0 3649#0 1
15648 0 67993#0 1
15649 0 1425124#0 1
15650 0 1519027#0 1
15650 0 1519027#17 1
15651 0 2168607#2 1
15652 0 938671#0 1
15653 0 1319#0 1
15654 0 4166724#0 1
15655 0 98719#0 1
15656 0 7141#0 1
15657 0 6942#0 1
15658 0 1755642#0 1
15659 0 10291#0 1
15659 0 10291#29 1
15660 0 18223#0 1
15661 0 1833939#11 1
15662 0 38978#2 1
15663 0 3469066#10 1
15664 0 47339#1 1
15664 0 47339#4 1
15665 0 1661289#1 1
15666 0 103336#7 1
15667 0 1420147#0 1
15668 0 3649#0 1
15669 0 391931#0 1
15670 0 992442#1 1
15671 0 62483#2 1
15671 0 62483#30 1
15672 0 22886#0 1
15673 0 1539#5 1
15674 0 1197444#1 1
15675 0 227865#0 1
15676 0 22575#0 1
15677 0 331001#0 1
15678 0 29685#0 1
15679 0 1628655#0 1
15680 0 4132982#0 1
15681 0 732289#44 1
15681 0 732289#4 1
15682 0 326547#0 1
15683 0 65455#0 1
15684 0 631589#1 1
15684 0 631589#26 1
15685 0 896159#0 1
15686 0 62231#0 1
15687 0 1956661#0 1
15688 0 247518#0 1
15689 0 61808#0 1
15690 0 410085#0 1
15691 0 123190#0 1
15692 0 2326051#0 1
15693 0 130848#0 1
15694 0 3535759#0 1
15695 0 4878224#4 1
15696 0 274022#0 1
15697 0 2815855#0 1
15698 0 120220#0 1
15699 0 417168#0 1
15700 0 6946#0 1
15700 0 6946#3 1
15700 0 6946#4 1
15701 0 1773#0 1
15702 0 209106#0 1
15703 0 164950#3 1
15704 0 1222161#16 1
15704 0 1222161#2 1
15705 0 39103#0 1
15706 0 1768153#9 1
15706 0 1768153#10 1
15706 0 1768153#2 1
15707 0 8364#39 1
15708 0 40321#0 1
15709 0 1464642#0 1
15710 0 68021#0 1
15711 0 47339#0 1
15712 0 606996#0 1
15713 0 38405#0 1
15714 0 1849518#0 1
15714 0 1849518#1 1
15715 0 128435#0 1
15716 0 3228740#0 1
15716 0 3228740#6 1
15717 0 583446#0 1
15718 0 387347#0 1
15719 0 8893#0 1
15720 0 146601#0 1
15721 0 139200#0 1
15722 0 320900#0 1
15723 0 325864#0 1
15724 0 7256#0 1
15725 0 992442#1 1
15726 0 708818#0 1
15727 0 398747#0 1
15728 0 303707#0 1
15729 0 511029#3 1
15730 0 1236947#0 1
15731 0 490634#0 1
15732 0 53592#0 1
15733 0 181450#0 1
15734 0 3475367#0 1
15735 0 245365#0 1
15736 0 1667030#0 1
15736 0 1667030#1 1
15737 0 39159#0 1
15738 0 23655#0 1
15739 0 13589#0 1
15739 0 13589#21 1
15740 0 119966#0 1
15740 0 119966#11 1
15741 0 3836693#0 1
15742 0 54610#0 1
15743 0 2336290#0 1
15744 0 670683#0 1
15745 0 234080#0 1
15746 0 100481#0 1
15747 0 48164#0 1
15748 0 576900#0 1
15749 0 6611#0 1
15750 0 219151#0 1
15751 0 238802#1 1
15752 0 2867202#1 1
15752 0 2867202#29 1
15753 0 99970#0 1
15754 0 269592#0 1
15755 0 182315#0 1
15755 0 182315#1 1
15756 0 240923#10 1
15757 0 5061339#0 1
15758 0 6958#0 1
15759 0 1348468#3 1
15760 0 37217#0 1
15761 0 4956634#0 1
15762 0 873281#0 1
15763 0 45714#60 1
15763 0 45714#13 1
15764 0 155376#0 1
15765 0 224704#0 1
15766 0 7443#0 1
15767 0 576780#0 1
15768 0 367343#0 1
15769 0 140082#0 1
15770 0 518194#0 1
15771 0 78974#2 1
15772 0 1250699#0 1
15773 0 231673#0 1
15774 0 105615#1 1
15774 0 105615#6 1
15775 0 29877#0 1
15776 0 46552#2 1
15776 0 46552#3 1
15777 0 147901#0 1
15778 0 28600#0 1
15779 0 4860072#0 1
15779 0 4860072#1 1
15780 0 1523#0 1
15781 0 417655#0 1
15782 0 470278#0 1
15783 0 1750821#0 1
15784 0 418967#0 1
15784 0 418967#17 1
15785 0 144974#0 1
15785 0 144974#3 1
15786 0 1213381#0 1
15787 0 1595314#0 1
15788 0 1773964#0 1
15789 0 16587#0 1
15789 0 16587#1 1
15790 0 894381#0 1
15791 0 68888#0 1
15792 0 1929202#4 1
15793 0 161429#0 1
15794 0 2703049#0 1
15795 0 42165#1 1
15796 0 1266754#1 1
15797 0 8799#0 1
15798 0 831204#0 1
15799 0 612561#1 1
15800 0 276964#0 1
15801 0 185668#4 1
15802 0 269551#0 1
15803 0 1248483#0 1
15804 0 346199#0 1
15804 0 346199#1 1
15805 0 4324#0 1
15806 0 234772#0 1
15806 0 234772#3 1
15807 0 1052852#0 1
15808 0 1471836#0 1
15808 0 1471836#1 1
15809 0 56388#0 1
15810 0 14621#4 1
15811 0 480979#0 1
15811 0 480979#2 1
15812 0 68941#0 1
15813 0 116056#0 1
15814 0 3987#0 1
15815 0 3150285#0 1
15816 0 463960#0 1
15817 0 2415751#0 1
15817 0 2415751#2 1
15818 0 66904#2 1
15819 0 3713970#0 1
15820 0 69527#0 1
15821 0 2553780#0 1
15822 0 1975214#0 1
15823 0 27455#0 1
15824 0 56950#0 1
15825 0 3562#0 1
15826 0 28713#2 1
15827 0 1543617#0 1
15828 0 314733#1 1
15828 0 314733#46 1
15829 0 1506547#0 1
15829 0 1506547#15 1
15830 0 19499#0 1
15831 0 68348#0 1
15832 0 748116#0 1
15833 0 1828437#0 1
15834 0 1030279#0 1
15835 0 41213#0 1
15836 0 525527#0 1
15837 0 1718497#0 1
15838 0 3532148#18 1
15838 0 3532148#19 1
15839 0 2703049#0 1
15840 0 3883#2 1
15840 0 3883#13 1
15841 0 101244#0 1
15842 0 48327#0 1
15843 0 3562835#0 1
15844 0 4675#48 1
15845 0 31312#0 1
15846 0 172692#0 1
15847 0 41580#0 1
15848 0 43394#0 1
15849 0 1441675#13 1
15850 0 804346#0 1
15851 0 1526#0 1
15851 0 1526#41 1
15852 0 1647031#0 1
15853 0 8447#2 1
15853 0 8447#4 1
15854 0 86832#0 1
15854 0 86832#5 1
15855 0 1690780#0 1
15856 0 314411#1 1
15856 0 314411#11 1
15857 0 17860#0 1
15858 0 37838#0 1
15859 0 6592#41 1
15860 0 2689235#0 1
15861 0 77925#0 1
15862 0 673095#1 1
15863 0 1705263#0 1
15864 0 631589#0 1
15865 0 4214014#0 1
15866 0 1792850#8 1
15866 0 1792850#3 1
15867 0 150502#0 1
15868 0 1210329#0 1
15869 0 886837#1 1
15869 0 886837#2 1
15870 0 10546#4 1
15871 0 14794#0 1
15872 0 46552#0 1
15873 0 2812856#0 1
15874 0 232568#2 1
15874 0 232568#26 1
15875 0 233104#0 1
15876 0 1903142#0 1
15877 0 1930478#36 1
15878 0 1526#0 1
15879 0 282024#0 1
15880 0 2349518#1 1
15881 0 165756#0 1
15882 0 12204#0 1
15883 0 9525#0 1
15884 0 310541#0 1
15884 0 310541#9 1
15885 0 1926927#0 1
15886 0 268763#0 1
15887 0 99970#0 1
15888 0 3198317#1 1
15889 0 1022322#0 1
15890 0 272999#1 1
15891 0 119896#0 1
15892 0 19909#0 1
15892 0 19909#5 1
15893 0 29003#0 1
15894 0 4989732#1 1
15894 0 4989732#34 1
15894 0 4989732#10 1
15895 0 466360#0 1
15896 0 664426#0 1
15897 0 2666869#0 1
15898 0 1286510#0 1
15899 0 3987#0 1
15900 0 409158#8 1
15900 0 409158#0 1
15901 0 247637#0 1
15902 0 546074#0 1
15903 0 16339#0 1
15904 0 896159#5 1
15905 0 48753#0 1
15906 0 657482#0 1
15907 0 133483#0 1
15908 0 1276510#0 1
15909 0 1186100#0 1
15910 0 4729700#0 1
15911 0 120900#2 1
15912 0 575802#0 1
15912 0 575802#1 1
15913 0 3144012#0 1
15914 0 1761483#0 1
15915 0 31352#0 1
15916 0 3895422#0 1
15917 0 22387#2 1
15917 0 22387#3 1
15918 0 2423402#0 1
15919 0 148813#0 1
15920 0 6592#0 1
15921 0 6611#0 1
15922 0 3058111#0 1
15923 0 2278#0 1
15924 0 10406#1 1
15925 0 167614#0 1
15925 0 167614#2 1
15926 0 28509#0 1
15927 0 1520370#0 1
15928 0 1299053#14 1
15929 0 720895#0 1
15930 0 63031#0 1
15931 0 2748#0 1
15932 0 217323#0 1
15933 0 1357#0 1
15934 0 227865#0 1
15935 0 1277821#0 1
15936 0 1186558#0 1
15937 0 79929#33 1
15937 0 79929#2 1
15938 0 52787#0 1
15939 0 1926927#0 1
15940 0 59885#4 1
15941 0 228683#0 1
15942 0 2955565#0 1
15943 0 37194#0 1
15944 0 1891015#0 1
15945 0 97232#0 1
15946 0 84486#0 1
15947 0 48231#0 1
15948 0 1349#45 1
15949 0 954369#0 1
15950 0 444967#0 1
15951 0 584101#22 1
15952 0 3425184#0 1
15953 0 379644#1 1
15953 0 379644#5 1
15954 0 46552#0 1
15955 0 722836#0 1
15956 0 643521#0 1
15956 0 643521#1 1
15957 0 56722#1 1
15958 0 418967#0 1
15959 0 1238282#0 1
15960 0 232990#1 1
15961 0 331485#0 1
15962 0 119943#0 1
15963 0 776302#0 1
15963 0 776302#1 1
15964 0 21725#0 1
15965 0 717500#0 1
15966 0 3786#0 1
15967 0 25256#0 1
15968 0 1783682#0 1
15969 0 54716#0 1
15969 0 54716#1 1
15970 0 664348#0 1
15971 0 618530#0 1
15972 0 21876#0 1
15973 0 61847#0 1
15974 0 23343#0 1
15975 0 1998#0 1
15976 0 731759#6 1
15977 0 115861#0 1
15978 0 20818#6 1
15978 0 20818#7 1
15979 0 7141#0 1
15979 0 7141#2 1
15980 0 448039#0 1
15981 0 47339#0 1
15982 0 3554#0 1
15982 0 3554#7 1
15983 0 428793#0 1
15983 0 428793#1 1
15984 0 297435#0 1
15985 0 42492#0 1
15986 0 16393#0 1
15987 0 151237#9 1
15988 0 44777#0 1
15989 0 588267#0 1
15990 0 517434#0 1
15991 0 15667#0 1
15992 0 1824314#1 1
15993 0 554721#0 1
15994 0 107543#0 1
15995 0 24580#0 1
15996 0 37217#0 1
15997 0 3835432#1 1
15998 0 20818#0 1
15999 0 724435#0 1
16000 0 742123#0 1
16001 0 1267623#1 1
16002 0 13589#0 1
16003 0 468602#0 1
16003 0 468602#4 1
16004 0 1109021#0 1
16005 0 125761#0 1
16006 0 3649#0 1
16007 0 33266#0 1
16008 0 681514#0 1
16009 0 337997#12 1
16010 0 3581692#0 1
16010 0 3581692#1 1
16011 0 3515469#78 1
16012 0 1479#0 1
16013 0 8577#11 1
16014 0 521976#1 1
16015 0 908282#0 1
16016 0 403539#1 1
16017 0 992442#1 1
16018 0 11107#0 1
16019 0 390438#0 1
16020 0 739601#11 1
16020 0 739601#12 1
16021 0 3325#2 1
16022 0 37217#0 1
16023 0 988218#0 1
16024 0 3567958#57 1
16024 0 3567958#3 1
16025 0 2757098#0 1
16026 0 1357#0 1
16027 0 1747727#3 1
16028 0 237352#0 1
16029 0 993125#2 1
16030 0 171292#0 1
16031 0 277294#0 1
16032 0 886837#1 1
16032 0 886837#2 1
16033 0 446950#1 1
16034 0 10515#0 1
16035 0 6579#8 1
16036 0 7978#0 1
16036 0 7978#4 1
16037 0 23675#0 1
16038 0 2081599#0 1
16038 0 2081599#3 1
16039 0 147850#0 1
16040 0 122456#4 1
16041 0 425436#15 1
16042 0 3199387#0 1
16043 0 927964#0 1
16044 0 4177131#0 1
16045 0 3274526#0 1
16046 0 410085#0 1
16047 0 1684642#0 1
16048 0 5105728#0 1
16049 0 1721695#0 1
16050 0 584101#0 1
16050 0 584101#50 1
16051 0 248333#0 1
16052 0 47401#0 1
16053 0 1358#0 1
16054 0 21243#0 1
16055 0 47339#3 1
16056 0 2445425#0 1
16057 0 116041#0 1
16058 0 43847#0 1
16059 0 1523#0 1
16060 0 1099980#1 1
16060 0 1099980#10 1
16061 0 1313#8 1
16061 0 1313#36 1
16061 0 1313#23 1
16062 0 1181#1 1
16063 0 302306#0 1
16063 0 302306#3 1
16064 0 1357#0 1
16065 0 1040252#0 1
16066 0 1222733#0 1
16067 0 1115553#0 1
16068 0 299327#3 1
16069 0 63234#1 1
16070 0 16587#0 1
16071 0 61792#8 1
16071 0 61792#1 1
16072 0 4468399#0 1
16073 0 9160#0 1
16074 0 515373#0 1
16075 0 853403#0 1
16076 0 3966128#1 1
16077 0 65455#0 1
16078 0 3762946#0 1
16079 0 1294090#0 1
16080 0 358938#0 1
16081 0 20040#1 1
16082 0 18568#0 1
16082 0 18568#13 1
16083 0 2363062#0 1
16084 0 1520381#0 1
16085 0 3433780#0 1
16086 0 8659#0 1
16087 0 86365#0 1
16088 0 63031#1 1
16089 0 2721003#0 1
16089 0 2721003#3 1
16090 0 271532#0 1
16090 0 271532#1 1
16091 0 54716#0 1
16091 0 54716#1 1
16092 0 36241#0 1
16093 0 1493418#0 1
16094 0 44028#0 1
16095 0 12996#12 1
16095 0 12996#6 1
16096 0 1950757#0 1
16097 0 3562#0 1
16098 0 172375#1 1
16099 0 7742#1 1
16100 0 100133#0 1
16101 0 6863#0 1
16102 0 41202#1 1
16103 0 146590#0 1
16104 0 4266898#0 1
16105 0 3922#7 1
16107 0 992442#1 1
16107 0 992442#2 1
16108 0 499486#0 1
16109 0 629666#0 1
16110 0 63719#0 1
16110 0 63719#1 1
16111 0 2280#0 1
16112 0 1267623#5 1
16113 0 102688#0 1
16114 0 61683#0 1
16115 0 1077768#0 1
16116 0 923638#0 1
16117 0 8659#0 1
16118 0 3917#0 1
16119 0 1674949#0 1
16119 0 1674949#13 1
16120 0 12047#0 1
16120 0 12047#1 1
16121 0 29740#1 1
16122 0 554321#0 1
16123 0 509715#0 1
16124 0 41965#0 1
16125 0 183687#1 1
16126 0 16918#1 1
16127 0 749127#0 1
16128 0 7466#0 1
16129 0 20294#1 1
16130 0 28600#0 1
16131 0 1094497#0 1
16132 0 245926#2 1
16133 0 417303#0 1
16134 0 1505485#1 1
16135 0 193387#0 1
16136 0 390636#0 1
16137 0 939079#0 1
16138 0 205342#0 1
16139 0 200717#0 1
16140 0 1478205#0 1
16140 0 1478205#1 1
16141 0 3232939#0 1
16142 0 5140062#0 1
16143 0 81410#1 1
16144 0 246130#0 1
16145 0 13956#0 1
16146 0 6958#0 1
16147 0 68288#0 1
16148 0 48670#0 1
16149 0 2280#0 1
16150 0 212123#0 1
16151 0 1262953#9 1
16152 0 924864#1 1
16153 0 1154337#0 1
16154 0 433870#0 1
16155 0 334230#0 1
16156 0 8372#0 1
16156 0 8372#1 1
16157 0 1808563#0 1
16158 0 1557516#0 1
16159 0 433529#0 1
16159 0 433529#5 1
16160 0 56950#0 1
16161 0 597577#0 1
16162 0 67619#0 1
16163 0 141636#0 1
16164 0 866526#0 1
16165 0 21481#7 1
16166 0 495062#0 1
16167 0 1025940#0 1
16167 0 1025940#3 1
16168 0 391660#0 1
16169 0 2953330#48 1
16169 0 2953330#1 1
16170 0 164720#0 1
16171 0 17344#0 1
16172 0 50000#4 1
16173 0 541565#6 1
16174 0 1520381#0 1
16175 0 3579100#0 1
16176 0 3813873#3 1
16177 0 163085#0 1
16178 0 1099980#0 1
16178 0 1099980#10 1
16179 0 36080#0 1
16180 0 4202607#0 1
16181 0 18386#0 1
16182 0 7074#0 1
16183 0 54716#2 1
16184 0 1137050#0 1
16185 0 22972#0 1
16186 0 2421500#0 1
16187 0 670683#0 1
16188 0 986834#0 1
16189 0 1495347#41 1
16189 0 1495347#62 1
16190 0 64760#2 1
16190 0 64760#4 1
16191 0 1814875#0 1
16192 0 282317#0 1
16193 0 242992#12 1
16194 0 305871#0 1
16195 0 16573#0 1
16196 0 599870#0 1
16197 0 517297#0 1
16198 0 83131#21 1
16199 0 42116#6 1
16200 0 1041875#3 1
16201 0 831870#0 1
16202 0 3812#0 1
16202 0 3812#9 1
16202 0 3812#8 1
16203 0 32172#0 1
16203 0 32172#6 1
16204 0 332921#6 1
16205 0 275629#3 1
16206 0 924864#0 1
16207 0 524564#0 1
16208 0 2743#0 1
16208 0 2743#3 1
16209 0 1220823#0 1
16210 0 1919524#0 1
16211 0 8364#39 1
16212 0 5441#0 1
16213 0 186393#0 1
16214 0 35049#0 1
16215 0 8865#0 1
16216 0 963489#0 1
16217 0 1948036#0 1
16218 0 340508#0 1
16219 0 3778087#0 1
16220 0 1357#0 1
16221 0 3887#6 1
16222 0 1203606#0 1
16222 0 1203606#1 1
16223 0 248615#0 1
16224 0 40327#0 1
16225 0 1099980#11 1
16226 0 84251#0 1
16227 0 2545868#0 1
16228 0 137794#0 1
16229 0 2842983#0 1
16230 0 484437#1 1
16231 0 22387#0 1
16232 0 88059#0 1
16233 0 39610#0 1
16234 0 242270#0 1
16235 0 293080#0 1
16236 0 264494#8 1
16236 0 264494#1 1
16237 0 43497#0 1
16238 0 1926068#4 1
16239 0 1038111#0 1
16240 0 1526#0 1
16241 0 3454339#0 1
16242 0 2743#0 1
16243 0 52374#0 1
16244 0 31564#1 1
16245 0 184749#1 1
16246 0 1297062#0 1
16247 0 170838#0 1
16248 0 84251#0 1
16249 0 231848#0 1
16250 0 20174#0 1
16251 0 391792#0 1
16252 0 19344#0 1
16253 0 418967#0 1
16254 0 11428#1 1
16255 0 1420147#0 1
16255 0 1420147#1 1
16256 0 387818#0 1
16257 0 895490#0 1
16258 0 123812#0 1
16259 0 301914#0 1
16259 0 301914#19 1
16260 0 298670#0 1
16261 0 47299#0 1
16262 0 811314#11 1
16263 0 19597#0 1
16264 0 18166#0 1
16265 0 417168#0 1
16265 0 417168#5 1
16266 0 15505#0 1
16267 0 268763#0 1
16268 0 1192597#2 1
16268 0 1192597#3 1
16269 0 816912#0 1
16270 0 361268#3 1
16271 0 12563#0 1
16272 0 268769#0 1
16273 0 164950#1 1
16273 0 164950#3 1
16273 0 164950#7 1
16274 0 631589#0 1
16275 0 3052133#91 1
16276 0 1687921#0 1
16277 0 269551#1 1
16278 0 21571#0 1
16279 0 10291#0 1
16280 0 97149#0 1
16281 0 13589#9 1
16282 0 3846692#1 1
16283 0 485964#0 1
16284 0 2703049#1 1
16285 0 3043971#0 1
16286 0 6592#17 1
16287 0 814814#0 1
16287 0 814814#3 1
16288 0 560007#0 1
16289 0 26135#0 1
16290 0 527416#0 1
16290 0 527416#3 1
16291 0 3780551#0 1
16292 0 3007765#0 1
16293 0 3214415#0 1
16293 0 3214415#1 1
16294 0 61808#0 1
16295 0 1776030#3 1
16295 0 1776030#6 1
16296 0 923638#18 1
16297 0 2509381#0 1
16298 0 12981#1 1
16299 0 3672#2 1
16299 0 3672#35 1
16300 0 56633#0 1
16301 0 35446#0 1
16302 0 138377#1 1
16303 0 359051#0 1
16304 0 21876#0 1
16304 0 21876#41 1
16305 0 1719861#0 1
16306 0 37141#0 1
16307 0 680127#0 1
16308 0 743944#2 1
16309 0 40732#0 1
16310 0 1479#0 1
16310 0 1479#20 1
16311 0 2640790#0 1
16312 0 13589#22 1
16313 0 23655#0 1
16313 0 23655#4 1
16314 0 51484#0 1
16315 0 100055#0 1
16316 0 2711992#0 1
16317 0 378423#0 1
16318 0 4613#0 1
16319 0 101167#0 1
16320 0 1828805#0 1
16321 0 36245#0 1
16322 0 1038103#0 1
16323 0 2735392#0 1
16324 0 164950#0 1
16324 0 164950#1 1
16325 0 7579#0 1
16326 0 2842983#0 1
16327 0 1349#0 1
16328 0 75018#0 1
16329 0 54716#72 1
16329 0 54716#4 1
16329 0 54716#71 1
16330 0 750701#3 1
16331 0 1267442#2 1
16332 0 219151#0 1
16333 0 231870#0 1
16334 0 77919#0 1
16335 0 10398#0 1
16336 0 1279378#0 1
16337 0 6592#0 1
16337 0 6592#8 1
16337 0 6592#51 1
16338 0 66923#0 1
16339 0 397103#1 1
16339 0 397103#2 1
16340 0 2808936#0 1
16341 0 667342#1 1
16342 0 133475#0 1
16343 0 1828022#0 1
16344 0 9025#2 1
16345 0 1831850#0 1
16346 0 190954#0 1
16347 0 367273#0 1
16348 0 13852#0 1
16349 0 1660796#6 1
16350 0 1325231#0 1
16350 0 1325231#2 1
16351 0 26760#0 1
16351 0 26760#1 1
16352 0 7443#1 1
16353 0 25779#0 1
16354 0 14990#0 1
16355 0 246549#2 1
16356 0 601003#0 1
16356 0 601003#1 1
16356 0 601003#6 1
16357 0 1213381#0 1
16358 0 49724#3 1
16359 0 268769#0 1
16360 0 18884#15 1
16361 0 162248#8 1
16361 0 162248#6 1
16362 0 35026#0 1
16362 0 35026#1 1
16363 0 6288#0 1
16364 0 937720#0 1
16365 0 1779862#0 1
16366 0 383812#0 1
16367 0 1646812#0 1
16368 0 47437#0 1
16369 0 1203606#1 1
16370 0 4329#0 1
16371 0 509921#0 1
16372 0 19499#49 1
16373 0 5441#0 1
16374 0 2342245#11 1
16375 0 445571#0 1
16376 0 12678#0 1
16377 0 25256#40 1
16378 0 14049#0 1
16379 0 38978#4 1
16380 0 3672#0 1
16381 0 196138#0 1
16382 0 153985#0 1
16383 0 51616#0 1
16384 0 149066#0 1
16385 0 267520#0 1
16385 0 267520#3 1
16386 0 63031#0 1
16387 0 64324#0 1
16388 0 7023#0 1
16389 0 100440#0 1
16389 0 100440#9 1
16390 0 144458#0 1
16391 0 1523#2 1
16392 0 1516183#0 1
16393 0 203282#0 1
16394 0 911203#0 1
16395 0 54627#0 1
16396 0 247518#0 1
16397 0 8186#4 1
16398 0 12730#0 1
16399 0 1349#74 1
16400 0 172375#1 1
16401 0 3315580#6 1
16402 0 29870#0 1
16403 0 58912#0 1
16404 0 6863#0 1
16405 0 1743840#0 1
16406 0 390258#0 1
16407 0 21243#0 1
16408 0 9890#2 1
16409 0 315448#0 1
16410 0 584014#0 1
16411 0 132976#0 1
16412 0 416657#2 1
16413 0 24887#0 1
16414 0 1459997#0 1
16415 0 1675013#8 1
16415 0 1675013#2 1
16416 0 4521#0 1
16417 0 1463288#0 1
16418 0 197867#0 1
16419 0 612364#0 1
16420 0 1221871#0 1
16421 0 894094#0 1
16422 0 3887#4 1
16422 0 3887#13 1
16423 0 13055#0 1
16424 0 3649#4 1
16425 0 283782#0 1
16426 0 988218#0 1
16427 0 2486386#0 1
16428 0 3741339#0 1
16429 0 808151#0 1
16430 0 389034#0 1
16431 0 51786#2 1
16432 0 709915#0 1
16433 0 988218#0 1
16434 0 209799#0 1
16435 0 460878#0 1
16436 0 20272#8 1
16437 0 3883#2 1
16438 0 1710558#0 1
16439 0 724435#0 1
16440 0 49724#9 1
16441 0 9506#0 1
16442 0 156428#1 1
16443 0 1001578#0 1
16444 0 360408#0 1
16445 0 311970#0 1
16446 0 66988#0 1
16447 0 3173690#0 1
16448 0 359264#0 1
16449 0 601070#2 1
16450 0 282960#0 1
16450 0 282960#2 1
16451 0 39813#0 1
16452 0 1275401#0 1
16453 0 67701#0 1
16454 0 10515#11 1
16455 0 126845#9 1
16455 0 126845#6 1
16456 0 525775#0 1
16457 0 171596#4 1
16458 0 2501484#0 1
16459 0 8757#0 1
16460 0 287743#2 1
16461 0 6592#0 1
16462 0 886837#1 1
16463 0 2407491#0 1
16464 0 59508#0 1
16465 0 932069#0 1
16466 0 16573#4 1
16467 0 116627#5 1
16467 0 116627#6 1
16468 0 1789098#0 1
16469 0 979067#0 1
16470 0 1313#8 1
16470 0 1313#66 1
16471 0 2808078#0 1
16472 0 45231#1 1
16473 0 723262#2 1
16474 0 157291#0 1
16475 0 20272#0 1
16476 0 728471#0 1
16477 0 195183#3 1
16478 0 1319#4 1
16479 0 227987#1 1
16480 0 1518707#0 1
16481 0 60966#0 1
16482 0 63121#0 1
16483 0 670911#0 1
16484 0 541191#0 1
16484 0 541191#6 1
16485 0 465376#0 1
16486 0 1264351#0 1
16487 0 39160#0 1
16487 0 39160#8 1
16487 0 39160#16 1
16488 0 343154#0 1
16489 0 417890#1 1
16490 0 128535#0 1
16491 0 1324068#0 1
16492 0 416657#1 1
16493 0 336988#3 1
16494 0 1540620#0 1
16495 0 517331#0 1
16496 0 32725#0 1
16497 0 1526#0 1
16497 0 1526#8 1
16498 0 1204566#0 1
16499 0 1467147#0 1
16499 0 1467147#15 1
16500 0 127592#4 1
16501 0 48743#0 1
16502 0 9160#6 1
16503 0 212884#0 1
16504 0 938376#0 1
16505 0 27559#0 1
16506 0 847919#2 1
16507 0 538814#0 1
16508 0 14863#0 1
16509 0 720895#0 1
16510 0 87851#0 1
16511 0 262733#0 1
16512 0 25599#0 1
16513 0 436509#1 1
16514 0 4606412#0 1
16515 0 20191#1 1
16516 0 60869#0 1
16517 0 421633#0 1
16518 0 61847#1 1
16518 0 61847#74 1
16518 0 61847#53 1
16519 0 2128507#0 1
16519 0 2128507#7 1
16520 0 1776#2 1
16520 0 1776#3 1
16521 0 365755#0 1
16522 0 6592#0 1
16522 0 6592#17 1
16523 0 62904#0 1
16524 0 204956#6 1
16525 0 1259444#0 1
16526 0 977758#0 1
16527 0 172375#0 1
16528 0 12555#1 1
16529 0 919440#1 1
16530 0 10406#1 1
16531 0 336988#1 1
16532 0 147787#0 1
16533 0 1313#0 1
16534 0 334375#0 1
16535 0 178747#0 1
16536 0 22886#0 1
16537 0 1540200#3 1
16538 0 101200#0 1
16539 0 275211#0 1
16540 0 278041#0 1
16541 0 29877#1 1
16542 0 106033#0 1
16543 0 240906#0 1
16544 0 4412#0 1
16545 0 23760#0 1
16545 0 23760#2 1
16546 0 14621#0 1
16547 0 2743#11 1
16548 0 139164#0 1
16549 0 3361#5 1
16550 0 3052215#0 1
16551 0 1118210#13 1
16551 0 1118210#30 1
16552 0 3469066#18 1
16552 0 3469066#3 1
16553 0 203282#0 1
16554 0 4338#0 1
16555 0 1823663#0 1
16556 0 447224#0 1
16557 0 4240857#0 1
16558 0 239214#0 1
16559 0 21135#1 1
16560 0 150177#0 1
16561 0 140907#0 1
16562 0 1057648#0 1
16563 0 167403#0 1
16564 0 21927#1 1
16565 0 3302777#0 1
16566 0 244299#0 1
16567 0 1982783#0 1
16568 0 148181#0 1
16569 0 1241362#0 1
16570 0 19836#0 1
16570 0 19836#50 1
16571 0 22405#0 1
16572 0 584014#1 1
16573 0 419174#0 1
16574 0 157693#0 1
16574 0 157693#4 1
16575 0 584101#0 1
16576 0 61353#0 1
16576 0 61353#1 1
16577 0 1776#3 1
16578 0 2743#0 1
16579 0 924114#0 1
16580 0 3310699#0 1
16581 0 435204#0 1
16582 0 609684#0 1
16583 0 26760#0 1
16584 0 10487#0 1
16585 0 33428#0 1
16586 0 2081734#0 1
16587 0 418071#0 1
16588 0 98533#0 1
16589 0 773886#0 1
16590 0 2986173#0 1
16591 0 2796#7 1
16592 0 23241#0 1
16593 0 11721#0 1
16594 0 6108#9 1
16594 0 6108#5 1
