8318 0 8625#16 1
8319 0 119046#1 1
8320 0 26157#29 1
8321 0 341228#0 1
8322 0 12096#11 1
8323 0 5129#8 1
8323 0 5129#6 1
8324 0 14353#0 1
8325 0 23291#0 1
8326 0 124577#0 1
8327 0 11147#3 1
8328 0 1445185#2 1
8329 0 838108#6 1
8330 0 159598#1 1
8331 0 820#0 1
8331 0 820#2 1
8332 0 19447#3 1
8333 0 14#16 1
8334 0 196#6 1
8335 0 219#0 1
8336 0 276157#0 1
8337 0 1263995#1 1
8338 0 1291639#3 1
8339 0 270073#0 1
8340 0 315924#8 1
8340 0 315924#0 1
8341 0 155754#3 1
8342 0 9945#38 1
8343 0 168660#0 1
8344 0 437#0 1
8345 0 10758#0 1
8346 0 159207#9 1
8347 0 1212827#3 1
8347 0 1212827#4 1
8348 0 756#2 1
8348 0 756#4 1
8349 0 159207#0 1
8349 0 159207#51 1
8350 0 111247#1 1
8351 0 213#1 1
8352 0 440#0 1
8353 0 1243#20 1
8354 0 13947#50 1
8354 0 13947#13 1
8355 0 75240#12 1
8356 0 10014#0 1
8357 0 18288#0 1
8358 0 104279#9 1
8358 0 104279#5 1
8359 0 6148#65 1
8359 0 6148#111 1
8360 0 15701#0 1
8361 0 403#0 1
8362 0 135#0 1
8363 0 38954#3 1
8364 0 224739#32 1
8365 0 225915#0 1
8366 0 124067#0 1
8367 0 15701#0 1
8368 0 380230#41 1
8368 0 380230#43 1
8368 0 380230#44 1
8369 0 11320#7 1
8370 0 443416#0 1
8370 0 443416#1 1
8371 0 11477#0 1
8371 0 11477#5 1
8372 0 655714#0 1
8372 0 655714#3 1
8373 0 5754#0 1
8374 0 225915#0 1
8375 0 63676#1 1
8375 0 63676#2 1
8376 0 7375#2 1
8377 0 49915#21 1
8378 0 9991#0 1
8379 0 426038#0 1
8380 0 625215#0 1
8380 0 625215#1 1
8381 0 929813#0 1
8382 0 117694#1 1
8383 0 19981#2 1
8384 0 11477#0 1
8385 0 1141970#0 1
8386 0 1377887#0 1
8386 0 1377887#19 1
8387 0 119046#5 1
8388 0 893410#9 1
8389 0 864076#0 1
8390 0 34357#14 1
8391 0 5561#12 1
8392 0 57257#16 1
8393 0 59795#35 1
8394 0 1061772#0 1
8395 0 1483709#0 1
8396 0 26326#0 1
8396 0 26326#3 1
8397 0 699838#4 1
8398 0 48086#1 1
8399 0 27866#1 1
8400 0 329108#4 1
8401 0 440#61 1
8402 0 6874#21 1
8403 0 155912#0 1
8404 0 16655#3 1
8405 0 9487#5 1
8406 0 7575#0 1
8407 0 1145082#0 1
8408 0 10142#0 1
8408 0 10142#2 1
8409 0 24325#6 1
8410 0 9149#0 1
8410 0 9149#17 1
8411 0 14142#0 1
8412 0 349678#0 1
8413 0 159207#0 1
8413 0 159207#35 1
8414 0 182589#0 1
8415 0 821#0 1
8416 0 320585#16 1
8417 0 369589#7 1
8418 0 345875#0 1
8419 0 21469#0 1
8420 0 11951#7 1
8421 0 44867#2 1
8421 0 44867#3 1
8422 0 565638#0 1
8423 0 17125#2 1
8424 0 31451#0 1
8425 0 29983#38 1
8426 0 611192#38 1
8426 0 611192#39 1
8427 0 392296#1 1
8428 0 10283#3 1
8429 0 22675#0 1
8430 0 1285624#4 1
8431 0 4763#7 1
8432 0 402#33 1
8433 0 613374#2 1
8434 0 5104#0 1
8435 0 74127#0 1
8436 0 9808#0 1
8436 0 9808#27 1
8437 0 92134#16 1
8437 0 92134#1 1
8437 0 92134#18 1
8438 0 229950#0 1
8439 0 417700#0 1
8440 0 38274#0 1
8441 0 1329787#0 1
8442 0 49043#3 1
8443 0 14142#13 1
8444 0 200114#0 1
8445 0 118511#1 1
8445 0 118511#12 1
8446 0 10313#40 1
8447 0 9808#3 1
8448 0 1478391#25 1
8448 0 1478391#30 1
8449 0 5104#0 1
8450 0 16341#0 1
8451 0 1256#1 1
8452 0 318891#33 1
8453 0 59411#0 1
8454 0 225915#0 1
8455 0 25418#10 1
8456 0 42179#0 1
8456 0 42179#13 1
8457 0 19078#8 1
8458 0 655064#6 1
8458 0 655064#7 1
8459 0 822555#0 1
8460 0 1405073#0 1
8461 0 21378#56 1
8461 0 21378#1 1
8462 0 1268418#0 1
8463 0 25442#9 1
8464 0 822555#0 1
8465 0 150360#0 1
8466 0 260586#0 1
8467 0 21651#31 1
8468 0 26644#2 1
8469 0 225915#0 1
8470 0 349700#12 1
8471 0 12247#0 1
8472 0 10639#0 1
8472 0 10639#20 1
8473 0 1040#0 1
8473 0 1040#9 1
8474 0 269441#0 1
8475 0 36993#1 1
8476 0 24616#13 1
8477 0 22220#3 1
8478 0 100291#0 1
8478 0 100291#3 1
8479 0 56071#0 1
8480 0 10256#0 1
8481 0 772#0 1
8482 0 56393#2 1
8482 0 56393#12 1
8483 0 19341#0 1
8484 0 264353#10 1
8485 0 7343#0 1
8486 0 66727#0 1
8487 0 28490#0 1
8487 0 28490#27 1
8488 0 1255528#0 1
8489 0 1360611#9 1
8490 0 463488#2 1
8491 0 974407#1 1
8491 0 974407#7 1
8492 0 1031967#6 1
8493 0 867537#2 1
8493 0 867537#4 1
8494 0 380230#44 1
8494 0 380230#45 1
8495 0 349700#6 1
8496 0 168660#0 1
8497 0 78869#1 1
8498 0 379152#1 1
8499 0 26302#2 1
8500 0 85#4 1
8501 0 1104#1 1
8501 0 1104#2 1
8502 0 260311#0 1
8503 0 34963#0 1
8504 0 47647#0 1
8504 0 47647#2 1
8505 0 369589#0 1
8506 0 11374#0 1
8507 0 13158#5 1
8508 0 628357#0 1
8509 0 29368#1 1
8510 0 169088#15 1
8511 0 255#0 1
8512 0 1285624#10 1
8513 0 437#4 1
8514 0 581520#0 1
8515 0 5584#14 1
8516 0 25569#2 1
8517 0 402#23 1
8518 0 1098#0 1
8519 0 767802#1 1
8520 0 31754#0 1
8521 0 16341#24 1
8522 0 322619#0 1
8523 0 59143#7 1
8524 0 8691#23 1
8525 0 12732#0 1
8526 0 58595#0 1
8527 0 7172#4 1
8528 0 221310#9 1
8529 0 28526#5 1
8530 0 159207#22 1
8531 0 156327#2 1
8531 0 156327#3 1
8531 0 156327#4 1
8532 0 11477#0 1
8532 0 11477#1 1
8533 0 893410#0 1
8533 0 893410#12 1
8534 0 7172#19 1
8535 0 75240#0 1
8536 0 382265#0 1
8537 0 56909#75 1
8538 0 43545#15 1
8539 0 1009193#0 1
8540 0 7826#30 1
8541 0 18606#0 1
8542 0 24616#0 1
8542 0 24616#13 1
8543 0 186919#0 1
8544 0 1478391#11 1
8545 0 1040#0 1
8546 0 18288#0 1
8547 0 440#53 1
8548 0 5188#5 1
8549 0 6148#0 1
8550 0 14651#0 1
8551 0 14548#1 1
8552 0 155763#4 1
8553 0 42179#8 1
8553 0 42179#1 1
8554 0 13259#0 1
8555 0 1256#0 1
8555 0 1256#98 1
8555 0 1256#74 1
8556 0 8110#0 1
8557 0 28552#0 1
8558 0 59740#0 1
8559 0 1184#64 1
8560 0 29477#0 1
8561 0 16341#0 1
8562 0 5791#5 1
8563 0 308588#0 1
8564 0 756#0 1
8564 0 756#4 1
8565 0 25567#4 1
8566 0 144439#0 1
8567 0 21651#1 1
8568 0 9106#0 1
8569 0 752107#1 1
8570 0 34727#1 1
8570 0 34727#13 1
8571 0 57257#35 1
8572 0 7095#2 1
8573 0 412574#0 1
8574 0 17526#1 1
8574 0 17526#12 1
8575 0 14744#0 1
8575 0 14744#6 1
8576 0 222767#0 1
8577 0 1086743#0 1
8578 0 34727#0 1
8579 0 27716#4 1
8580 0 19652#0 1
8581 0 64028#2 1
8582 0 909934#0 1
8583 0 820#0 1
8584 0 7343#1 1
8585 0 112588#4 1
8585 0 112588#22 1
8586 0 1348459#36 1
8587 0 820#0 1
8588 0 820#18 1
8589 0 683928#6 1
8590 0 5843#0 1
8591 0 37200#2 1
8592 0 777289#10 1
8593 0 10758#0 1
8593 0 10758#5 1
8594 0 30910#0 1
8595 0 101855#0 1
8596 0 951182#0 1
8597 0 120631#0 1
8598 0 440#0 1
8599 0 9991#0 1
8600 0 821#0 1
8600 0 821#3 1
8601 0 18906#0 1
8602 0 18845#2 1
8603 0 20364#2 1
8604 0 202519#14 1
8605 0 140674#0 1
8606 0 46938#2 1
8607 0 5324#3 1
8608 0 539#0 1
8609 0 1348459#0 1
8610 0 1377887#0 1
8610 0 1377887#19 1
8611 0 66892#0 1
8612 0 1316911#0 1
8613 0 20688#0 1
8614 0 28552#0 1
8615 0 18#1 1
8616 0 19835#4 1
8617 0 364007#33 1
8618 0 17203#17 1
8619 0 11477#3 1
8620 0 392296#0 1
8621 0 38274#0 1
8622 0 44968#1 1
8623 0 202585#0 1
8624 0 7781#0 1
8625 0 37440#65 1
8626 0 351400#0 1
8627 0 7913#11 1
8627 0 7913#14 1
8628 0 40638#0 1
8629 0 25472#1 1
8630 0 433217#0 1
8631 0 513743#3 1
8632 0 187722#48 1
8633 0 29983#0 1
8633 0 29983#1 1
8633 0 29983#14 1
8634 0 26302#0 1
8635 0 1098#0 1
8635 0 1098#3 1
8636 0 87155#37 1
8637 0 243920#16 1
8638 0 18937#1 1
8639 0 495221#0 1
8640 0 767802#1 1
8641 0 11320#48 1
8641 0 11320#2 1
8642 0 42886#1 1
8643 0 59526#2 1
8643 0 59526#3 1
8644 0 103573#0 1
8645 0 168660#2 1
8646 0 221310#0 1
8647 0 51826#0 1
8648 0 24690#1 1
8649 0 17639#3 1
8650 0 10079#0 1
8651 0 1172565#1 1
8652 0 99914#0 1
8653 0 8850#2 1
8654 0 6163#27 1
8655 0 21378#0 1
8656 0 341228#9 1
8657 0 30910#0 1
8658 0 196#6 1
8659 0 437#34 1
8660 0 34588#1 1
8661 0 67#1 1
8661 0 67#3 1
8662 0 5511#4 1
8663 0 286533#0 1
8664 0 6163#0 1
8665 0 10904#0 1
8666 0 1098#5 1
8666 0 1098#6 1
8667 0 225915#6 1
8668 0 76400#0 1
8669 0 29983#5 1
8670 0 40638#0 1
8671 0 66462#0 1
8672 0 47229#0 1
8673 0 29421#0 1
8674 0 27881#9 1
8675 0 8867#0 1
8676 0 51381#0 1
8677 0 44#0 1
8678 0 717979#2 1
8679 0 10758#0 1
8680 0 11931#0 1
8681 0 1442203#1 1
8682 0 411068#0 1
8682 0 411068#1 1
8683 0 17751#0 1
8684 0 16341#24 1
8685 0 61441#0 1
8686 0 18#4 1
8687 0 1275#4 1
8688 0 61345#0 1
8689 0 512426#1 1
8690 0 824#0 1
8691 0 17751#0 1
8692 0 19447#1 1
8693 0 7781#0 1
8694 0 24325#1 1
8695 0 44867#2 1
8696 0 51207#0 1
8697 0 506394#0 1
8698 0 12842#11 1
8699 0 17491#0 1
8700 0 260311#0 1
8701 0 24616#4 1
8702 0 45820#0 1
8703 0 1202021#1 1
8704 0 1139675#0 1
8705 0 1359401#0 1
8706 0 30359#0 1
8707 0 56580#2 1
8708 0 11951#0 1
8709 0 349700#3 1
8710 0 688292#0 1
8711 0 1478391#0 1
8712 0 42179#8 1
8712 0 42179#1 1
8713 0 51381#11 1
8714 0 46111#0 1
8715 0 84602#0 1
8716 0 185266#0 1
8717 0 202519#1 1
8718 0 138584#0 1
8719 0 331617#0 1
8719 0 331617#1 1
8720 0 87155#42 1
8720 0 87155#2 1
8721 0 427991#1 1
8722 0 308950#0 1
8723 0 15015#10 1
8724 0 822555#10 1
8725 0 8943#2 1
8725 0 8943#3 1
8726 0 202519#1 1
8727 0 506394#0 1
8728 0 812#1 1
8729 0 17125#2 1
8730 0 99776#0 1
8731 0 14527#1 1
8732 0 6108#5 1
8733 0 405#1 1
8734 0 1098#86 1
8735 0 9487#0 1
8736 0 1172565#4 1
8737 0 5791#9 1
8738 0 4783#0 1
8739 0 747514#0 1
8740 0 421977#5 1
8741 0 225915#6 1
8742 0 287155#0 1
8743 0 4783#0 1
8744 0 8394#13 1
8745 0 10639#1 1
8746 0 1254647#0 1
8746 0 1254647#3 1
8747 0 14873#13 1
8748 0 7095#3 1
8749 0 45820#4 1
8750 0 333593#1 1
8751 0 5843#0 1
8752 0 39062#1 1
8753 0 11374#4 1
8754 0 13069#1 1
8755 0 225915#6 1
8756 0 130672#26 1
8757 0 7261#2 1
8758 0 33861#1 1
8758 0 33861#13 1
8759 0 62157#8 1
8759 0 62157#0 1
8760 0 177323#2 1
8761 0 1359334#0 1
8761 0 1359334#3 1
8761 0 1359334#7 1
8762 0 1256#56 1
8763 0 23341#0 1
8764 0 9494#4 1
8765 0 787026#2 1
8766 0 1004648#0 1
8767 0 1155815#0 1
8768 0 51518#11 1
8769 0 1442203#2 1
8770 0 39147#0 1
8770 0 39147#57 1
8771 0 1007681#0 1
8772 0 38557#8 1
8773 0 39768#0 1
8774 0 5116#0 1
8775 0 5104#14 1
8776 0 269425#0 1
8777 0 22560#0 1
8778 0 35674#15 1
8779 0 822300#4 1
8780 0 10142#57 1
8780 0 10142#75 1
8781 0 862760#9 1
8782 0 407#10 1
8783 0 183694#0 1
8784 0 16341#64 1
8784 0 16341#4 1
8785 0 65037#0 1
8786 0 159207#1 1
8787 0 30028#2 1
8788 0 330331#0 1
8789 0 38317#7 1
8790 0 37722#0 1
8791 0 7358#1 1
8792 0 24325#0 1
8793 0 5843#0 1
8794 0 48243#1 1
8795 0 1127199#2 1
8796 0 14#14 1
8797 0 228313#5 1
8798 0 10758#0 1
8799 0 17526#8 1
8799 0 17526#7 1
8800 0 11147#2 1
8801 0 8625#2 1
8802 0 47229#10 1
8803 0 16341#46 1
8804 0 510265#0 1
8805 0 34930#13 1
8805 0 34930#14 1
8806 0 1291639#3 1
8807 0 8760#0 1
8808 0 325880#13 1
8809 0 690929#0 1
8810 0 208967#4 1
8811 0 17203#3 1
8812 0 7358#1 1
8812 0 7358#43 1
8813 0 104578#0 1
8814 0 211301#2 1
8815 0 440#1 1
8816 0 17751#0 1
8817 0 17612#1 1
8818 0 52600#0 1
8819 0 66781#0 1
8820 0 96150#0 1
8821 0 5806#8 1
8822 0 820#0 1
8823 0 199669#3 1
8824 0 441275#2 1
8824 0 441275#18 1
8825 0 49351#1 1
8825 0 49351#5 1
8826 0 11320#0 1
8827 0 1155831#0 1
8828 0 56371#1 1
8829 0 8867#0 1
8830 0 30558#23 1
8831 0 1297921#0 1
8832 0 20669#2 1
8833 0 820#0 1
8834 0 9347#3 1
8835 0 180793#1 1
8836 0 10758#0 1
8837 0 104578#0 1
8838 0 802357#1 1
8839 0 13201#0 1
8840 0 80704#0 1
8841 0 11951#7 1
8842 0 1098#0 1
8843 0 7358#1 1
8843 0 7358#43 1
8844 0 209211#1 1
8845 0 1256#0 1
8846 0 206275#0 1
8846 0 206275#6 1
8847 0 139542#1 1
8848 0 867537#0 1
8849 0 38218#20 1
8849 0 38218#7 1
8850 0 14583#3 1
8851 0 243920#13 1
8852 0 38257#0 1
8853 0 5324#1 1
8854 0 820#21 1
8854 0 820#6 1
8855 0 269425#0 1
8856 0 112588#26 1
8857 0 1373287#0 1
8858 0 5129#6 1
8859 0 63266#0 1
8860 0 10758#15 1
8861 0 63707#9 1
8862 0 4989#0 1
8863 0 822555#0 1
8864 0 4944#16 1
8864 0 4944#9 1
8864 0 4944#19 1
8865 0 1289477#6 1
8866 0 7095#6 1
8866 0 7095#7 1
8867 0 58595#0 1
8868 0 28537#0 1
8869 0 148359#0 1
8870 0 10313#0 1
8871 0 99849#0 1
8872 0 18937#0 1
8873 0 1382288#0 1
8874 0 1432#4 1
8875 0 10758#7 1
8876 0 7747#5 1
8877 0 5843#64 1
8878 0 652938#0 1
8879 0 139542#14 1
8880 0 638#7 1
8881 0 510265#0 1
8882 0 822555#0 1
8883 0 13158#0 1
8884 0 340626#4 1
8885 0 18288#0 1
8886 0 2954#1 1
8887 0 45820#4 1
8887 0 45820#7 1
8888 0 1057591#1 1
8889 0 1040#8 1
8890 0 481397#0 1
8890 0 481397#1 1
8891 0 9808#1 1
8892 0 161291#47 1
8893 0 820#0 1
8894 0 655064#12 1
8895 0 158082#18 1
8896 0 1478391#1 1
8897 0 40638#20 1
8898 0 26157#25 1
8898 0 26157#31 1
8899 0 319763#2 1
8900 0 341#0 1
8901 0 1366904#0 1
8901 0 1366904#1 1
8902 0 1288#0 1
8903 0 820#0 1
8904 0 7610#1 1
8905 0 56371#1 1
8906 0 14613#0 1
8907 0 116602#1 1
8908 0 163625#3 1
8909 0 618577#8 1
8909 0 618577#1 1
8909 0 618577#10 1
8910 0 618577#2 1
8911 0 5300#0 1
8912 0 845095#3 1
8913 0 5724#0 1
8914 0 87745#1 1
8915 0 820#35 1
8915 0 820#21 1
8916 0 8442#8 1
8917 0 402#0 1
8918 0 125934#0 1
8919 0 227422#1 1
8920 0 25725#0 1
8921 0 29534#3 1
8922 0 9808#0 1
8922 0 9808#27 1
8923 0 27881#9 1
8924 0 7913#1 1
8925 0 26571#11 1
8926 0 623348#3 1
8927 0 315924#5 1
8928 0 31060#1 1
8929 0 125934#0 1
8930 0 60033#0 1
8930 0 60033#14 1
8931 0 9487#51 1
8931 0 9487#53 1
8932 0 539642#0 1
8932 0 539642#4 1
8933 0 638#2 1
8934 0 306897#29 1
8935 0 18906#0 1
8935 0 18906#12 1
8936 0 405718#12 1
8937 0 440#61 1
8938 0 1308380#10 1
8939 0 27784#0 1
8940 0 14873#1 1
8941 0 1160786#58 1
8942 0 196#6 1
8943 0 10142#57 1
8944 0 198101#3 1
8945 0 114191#0 1
8946 0 6874#0 1
8947 0 64750#2 1
8948 0 767802#6 1
8949 0 10283#29 1
8950 0 10283#20 1
8950 0 10283#21 1
8951 0 1188324#0 1
8952 0 182804#0 1
8953 0 1483709#0 1
8954 0 7172#0 1
8955 0 21651#8 1
8956 0 380230#0 1
8957 0 512426#6 1
8958 0 16852#4 1
8959 0 42179#7 1
8960 0 83172#0 1
8961 0 46794#2 1
8962 0 55162#9 1
8963 0 24594#0 1
8964 0 224739#0 1
8964 0 224739#5 1
8965 0 1297921#0 1
8965 0 1297921#1 1
8966 0 1256#0 1
8967 0 123376#3 1
8968 0 56371#1 1
8969 0 1176169#0 1
8970 0 211600#0 1
8971 0 34803#1 1
8972 0 24966#1 1
8973 0 1370798#4 1
8974 0 440#61 1
8975 0 5724#2 1
8976 0 224739#2 1
8977 0 11182#8 1
8977 0 11182#2 1
8977 0 11182#43 1
8978 0 27890#8 1
8979 0 4947#1 1
8980 0 1040#0 1
8981 0 16341#0 1
8981 0 16341#17 1
8982 0 26177#0 1
8983 0 224739#2 1
8984 0 52630#0 1
8984 0 52630#2 1
8985 0 820#0 1
8986 0 28755#0 1
8987 0 19835#4 1
8988 0 10639#20 1
8989 0 7747#0 1
8990 0 23880#0 1
8991 0 140213#0 1
8992 0 93551#0 1
8992 0 93551#15 1
8993 0 495118#1 1
8994 0 14891#0 1
8995 0 47583#0 1
8995 0 47583#1 1
8996 0 688380#19 1
8997 0 59795#8 1
8998 0 1396077#0 1
8998 0 1396077#1 1
8999 0 8591#0 1
9000 0 37212#1 1
9001 0 1098488#0 1
9002 0 1360611#0 1
9003 0 750227#0 1
9004 0 330331#0 1
9005 0 30146#15 1
9006 0 440#0 1
9007 0 541158#0 1
9007 0 541158#6 1
9008 0 5556#0 1
9008 0 5556#27 1
9009 0 318891#41 1
9010 0 1256#7 1
9011 0 1256#1 1
9012 0 15521#7 1
9013 0 175857#0 1
9014 0 16751#2 1
9015 0 38426#4 1
9016 0 10207#0 1
9017 0 9513#0 1
9018 0 49915#23 1
9019 0 767802#1 1
9019 0 767802#3 1
9020 0 153122#0 1
9021 0 13069#33 1
9022 0 21971#0 1
9023 0 772#0 1
9024 0 341#0 1
9024 0 341#26 1
9025 0 56909#106 1
9026 0 11931#0 1
9026 0 11931#1 1
9027 0 343889#0 1
9028 0 560888#20 1
9029 0 716500#3 1
9029 0 716500#4 1
9030 0 8295#2 1
9031 0 104095#0 1
9032 0 857906#1 1
9033 0 750227#0 1
9034 0 1316911#24 1
9035 0 298521#3 1
9036 0 118182#4 1
9037 0 55162#8 1
9037 0 55162#0 1
9038 0 256617#1 1
9038 0 256617#14 1
9039 0 1081862#0 1
9039 0 1081862#4 1
9040 0 4989#0 1
9041 0 6163#29 1
9042 0 730629#0 1
9043 0 19090#0 1
9044 0 144630#3 1
9045 0 19342#19 1
9046 0 1256#0 1
9047 0 181430#5 1
9048 0 11477#84 1
9049 0 1478024#0 1
9050 0 860231#0 1
9051 0 4763#14 1
9051 0 4763#7 1
9052 0 1434892#0 1
9053 0 16341#0 1
9054 0 149789#0 1
9055 0 1288#0 1
9056 0 5843#32 1
9057 0 1362798#20 1
9058 0 5957#12 1
9059 0 1275#1 1
9060 0 10758#3 1
9061 0 52630#7 1
9062 0 11201#0 1
9063 0 860#8 1
9064 0 5817#1 1
9065 0 767802#1 1
9066 0 7375#2 1
9067 0 1212827#3 1
9067 0 1212827#4 1
9068 0 107532#1 1
9069 0 864076#0 1
9070 0 155763#2 1
9070 0 155763#4 1
9071 0 1104#24 1
9072 0 819889#0 1
9073 0 513280#1 1
9074 0 10758#0 1
9074 0 10758#27 1
9075 0 38218#52 1
9075 0 38218#22 1
9076 0 6874#17 1
9077 0 34803#13 1
9078 0 5675#4 1
9079 0 13069#33 1
9080 0 18646#0 1
9081 0 17125#2 1
9082 0 14873#16 1
9082 0 14873#1 1
9083 0 88122#0 1
9084 0 30038#0 1
9085 0 11320#48 1
9086 0 508835#3 1
9087 0 38057#1 1
9088 0 125098#0 1
9089 0 111247#1 1
9090 0 966027#0 1
9091 0 6148#112 1
9091 0 6148#69 1
9092 0 146873#9 1
9093 0 11477#0 1
9093 0 11477#84 1
9094 0 26326#3 1
9095 0 24325#8 1
9095 0 24325#4 1
9095 0 24325#7 1
9096 0 6874#0 1
9097 0 17751#15 1
9098 0 5860#0 1
9099 0 83172#0 1
9100 0 936166#14 1
9101 0 11201#12 1
9102 0 20438#12 1
9103 0 17125#1 1
9104 0 25106#9 1
9105 0 821#1 1
9105 0 821#27 1
9106 0 18288#0 1
9107 0 560888#12 1
9108 0 87636#14 1
9109 0 1009193#1 1
9110 0 8295#1 1
9111 0 493786#0 1
9112 0 7289#0 1
9113 0 356638#25 1
9114 0 65818#0 1
9115 0 1207862#0 1
9116 0 820#1 1
9117 0 1114234#6 1
9118 0 27010#0 1
9119 0 99849#18 1
9120 0 60954#2 1
9121 0 330331#0 1
9122 0 806#0 1
9123 0 135#14 1
9124 0 1104#0 1
9125 0 496751#0 1
9126 0 112588#26 1
9126 0 112588#20 1
9127 0 29765#0 1
9128 0 153751#0 1
9129 0 17125#32 1
9129 0 17125#28 1
9130 0 864076#0 1
9131 0 150360#5 1
9132 0 68856#3 1
9133 0 333158#7 1
9134 0 173934#0 1
9135 0 1487411#3 1
9135 0 1487411#14 1
9136 0 4982#0 1
9137 0 1141970#0 1
9138 0 30291#0 1
9139 0 117694#4 1
9140 0 51518#0 1
9141 0 4608#18 1
9142 0 43989#0 1
9143 0 9991#0 1
9144 0 11931#0 1
9145 0 166463#1 1
9146 0 108170#0 1
9147 0 114289#0 1
9148 0 10283#5 1
9149 0 11201#43 1
9150 0 107829#0 1
9151 0 9347#36 1
9152 0 441275#2 1
9153 0 469957#0 1
9154 0 38057#0 1
9155 0 370554#0 1
9156 0 1040#0 1
9157 0 11951#7 1
9158 0 77940#1 1
9159 0 431#24 1
9160 0 114773#3 1
9161 0 13201#0 1
9162 0 11477#0 1
9163 0 256617#17 1
9164 0 144630#28 1
9165 0 110053#0 1
9166 0 1040#0 1
9167 0 1446716#0 1
9168 0 10142#82 1
9169 0 5556#2 1
9170 0 20364#1 1
9170 0 20364#2 1
9171 0 590518#1 1
9172 0 14744#0 1
9172 0 14744#8 1
9172 0 14744#6 1
9173 0 655064#1 1
9174 0 211535#27 1
9175 0 916264#0 1
9176 0 28427#12 1
9176 0 28427#6 1
9177 0 673427#3 1
9178 0 38218#0 1
9179 0 139542#14 1
9180 0 510265#0 1
9181 0 56397#5 1
9182 0 186919#0 1
9183 0 42508#0 1
9184 0 8367#0 1
9185 0 4783#0 1
9186 0 49915#1 1
9187 0 11182#2 1
9188 0 221310#0 1
9189 0 7358#1 1
9190 0 32049#0 1
9191 0 206199#0 1
9192 0 117694#1 1
9192 0 117694#2 1
9193 0 14#0 1
9194 0 474216#4 1
9195 0 7095#2 1
9196 0 5096#19 1
9197 0 7375#41 1
9198 0 147411#1 1
9199 0 10142#0 1
9200 0 99849#1 1
9201 0 16374#0 1
9202 0 11166#41 1
9203 0 8760#34 1
9204 0 1256#0 1
9205 0 90147#0 1
9206 0 5023#23 1
9207 0 1401305#0 1
9208 0 17203#1 1
9208 0 17203#5 1
9209 0 66892#9 1
9209 0 66892#5 1
9210 0 1483124#4 1
9211 0 2954#32 1
9212 0 446656#0 1
9213 0 1275#70 1
9214 0 166820#0 1
9215 0 55524#5 1
9216 0 11201#0 1
9217 0 18937#0 1
9218 0 26779#3 1
9219 0 10014#1 1
9220 0 1191878#0 1
9221 0 61796#3 1
9222 0 110010#15 1
9223 0 767802#3 1
9223 0 767802#5 1
9224 0 1360611#0 1
9225 0 100051#0 1
9226 0 118511#1 1
9226 0 118511#15 1
9227 0 916264#9 1
9228 0 266774#0 1
9229 0 17771#0 1
9230 0 271087#0 1
9231 0 675282#0 1
9232 0 806#0 1
9233 0 1480232#0 1
9234 0 244824#0 1
9235 0 1254647#28 1
9236 0 57257#44 1
9237 0 38218#15 1
9238 0 243354#0 1
9239 0 522364#0 1
9240 0 5324#1 1
9241 0 218080#0 1
9242 0 17125#2 1
9242 0 17125#20 1
9243 0 14#0 1
9244 0 377578#3 1
9244 0 377578#20 1
9244 0 377578#14 1
9245 0 6874#36 1
9246 0 16655#0 1
9246 0 16655#5 1
9247 0 19335#0 1
9248 0 16879#8 1
9248 0 16879#10 1
9249 0 817687#1 1
9250 0 9487#56 1
9251 0 1377887#0 1
9252 0 14548#0 1
9253 0 108912#0 1
9253 0 108912#2 1
9254 0 225915#6 1
9255 0 14891#0 1
9256 0 454104#0 1
9257 0 15015#16 1
9258 0 20364#1 1
9259 0 865987#1 1
9260 0 22220#2 1
9261 0 8394#13 1
9262 0 59795#2 1
9263 0 772#0 1
9264 0 75240#0 1
9265 0 4763#0 1
9266 0 325880#0 1
9267 0 672512#0 1
9268 0 8#1 1
9269 0 75240#0 1
9270 0 590690#0 1
9271 0 13069#17 1
9272 0 24616#13 1
9272 0 24616#14 1
9273 0 5312#1 1
9273 0 5312#2 1
9274 0 5843#49 1
9275 0 40772#0 1
9276 0 1275#0 1
9277 0 78986#0 1
9278 0 32440#22 1
9279 0 45820#0 1
9280 0 1293#3 1
9281 0 520655#0 1
9282 0 37865#1 1
9283 0 323#0 1
9283 0 323#1 1
9284 0 28436#1 1
9285 0 13069#1 1
9286 0 45820#0 1
9287 0 225915#0 1
9288 0 23291#16 1
9288 0 23291#4 1
9289 0 25725#7 1
9290 0 14142#0 1
9291 0 34588#38 1
9292 0 13925#0 1
9292 0 13925#4 1
9293 0 57662#3 1
9294 0 341#0 1
9295 0 14213#0 1
9296 0 339847#1 1
9297 0 540750#1 1
9298 0 13069#0 1
9299 0 1212827#0 1
9300 0 750227#3 1
9301 0 820#0 1
9302 0 43254#1 1
9303 0 17203#3 1
9304 0 1115951#1 1
9305 0 21378#21 1
9306 0 772#0 1
9307 0 45649#9 1
9307 0 45649#10 1
9308 0 58236#0 1
9309 0 39147#20 1
9310 0 10286#1 1
9310 0 10286#5 1
9311 0 138584#5 1
9312 0 503595#43 1
9313 0 137190#0 1
9314 0 28679#1 1
9315 0 46938#0 1
9316 0 22245#29 1
9317 0 20031#0 1
9318 0 360241#0 1
9319 0 454104#0 1
9319 0 454104#41 1
9320 0 411068#0 1
9320 0 411068#1 1
9321 0 25569#1 1
9322 0 1377887#0 1
9323 0 7289#0 1
9323 0 7289#19 1
9324 0 27010#16 1
9325 0 523348#0 1
9326 0 8691#0 1
9327 0 17751#0 1
9328 0 330331#0 1
9329 0 270050#0 1
9330 0 72756#1 1
9330 0 72756#2 1
9331 0 8438#4 1
9332 0 29765#0 1
9333 0 4932#6 1
9334 0 10142#0 1
9335 0 623149#5 1
9336 0 492556#2 1
9337 0 278645#0 1
9338 0 51381#0 1
9339 0 11320#1 1
9340 0 307960#0 1
9341 0 20669#0 1
9342 0 10313#24 1
9342 0 10313#3 1
9343 0 22245#0 1
9343 0 22245#10 1
9344 0 1446716#0 1
9345 0 73118#19 1
9346 0 105474#0 1
9347 0 11182#34 1
9348 0 42086#1 1
9349 0 68856#0 1
9350 0 820#21 1
9351 0 49034#0 1
9352 0 10758#0 1
9353 0 1040#0 1
9354 0 1288#2 1
9355 0 353762#2 1
9356 0 351737#0 1
9357 0 841101#0 1
9358 0 10014#7 1
9359 0 1143044#1 1
9359 0 1143044#35 1
9360 0 1169740#0 1
9361 0 119046#20 1
9362 0 539#10 1
9362 0 539#11 1
9363 0 20438#25 1
9364 0 820#21 1
9364 0 820#6 1
9365 0 1289993#0 1
9366 0 1162556#4 1
9367 0 315924#1 1
9368 0 20688#13 1
9369 0 26302#0 1
9370 0 723504#0 1
9370 0 723504#1 1
9371 0 734824#2 1
9372 0 7172#0 1
9373 0 19408#1 1
9374 0 22005#24 1
9374 0 22005#0 1
9375 0 820#0 1
9376 0 10256#0 1
9377 0 208967#4 1
9378 0 14#0 1
9379 0 437#18 1
9380 0 35780#5 1
9381 0 1127890#2 1
9382 0 454104#0 1
9382 0 454104#41 1
9383 0 38881#0 1
9384 0 206199#0 1
9385 0 26644#0 1
9386 0 15521#1 1
9387 0 24594#0 1
9388 0 11951#0 1
9389 0 49915#21 1
9390 0 16341#0 1
9390 0 16341#17 1
9391 0 7289#2 1
9392 0 14873#3 1
9393 0 31493#0 1
9394 0 11201#1 1
9395 0 1296#1 1
9396 0 781221#3 1
9396 0 781221#11 1
9397 0 6148#0 1
9397 0 6148#5 1
9398 0 303841#0 1
9399 0 1363768#0 1
9400 0 27519#12 1
9401 0 1256#91 1
9402 0 1409080#15 1
9403 0 14744#0 1
9404 0 13069#1 1
9405 0 392296#0 1
9406 0 7753#0 1
9406 0 7753#7 1
9407 0 375432#1 1
9408 0 294519#0 1
9409 0 8438#2 1
9410 0 56837#12 1
9411 0 154277#9 1
9412 0 520655#0 1
9413 0 13925#0 1
9414 0 1264621#0 1
9415 0 14473#0 1
9416 0 13069#6 1
9417 0 35637#4 1
9418 0 13158#0 1
9419 0 1196565#25 1
9419 0 1196565#1 1
9420 0 7747#0 1
9421 0 20669#0 1
9422 0 33151#0 1
9423 0 25472#0 1
9424 0 14142#0 1
9425 0 539#0 1
9426 0 11931#0 1
9427 0 462794#3 1
9428 0 38057#18 1
9429 0 6108#0 1
9430 0 4898#0 1
9431 0 8867#29 1
9432 0 948721#0 1
9433 0 78824#0 1
9434 0 51518#11 1
9435 0 1422377#0 1
9435 0 1422377#1 1
9436 0 15606#0 1
9437 0 20984#0 1
9438 0 821#1 1
9439 0 78961#0 1
9440 0 891814#2 1
9440 0 891814#12 1
9441 0 49034#0 1
9442 0 13246#6 1
9443 0 27866#5 1
9444 0 307960#0 1
9445 0 11147#2 1
9446 0 199007#0 1
9447 0 641634#0 1
9447 0 641634#2 1
9448 0 1127199#0 1
9448 0 1127199#4 1
9449 0 336947#13 1
9450 0 66462#0 1
9451 0 5694#0 1
9452 0 1145082#3 1
9453 0 510265#0 1
9454 0 1308380#0 1
9455 0 125575#0 1
9456 0 29995#0 1
9457 0 29765#0 1
9458 0 68856#20 1
9459 0 403#2 1
9460 0 767802#4 1
9461 0 111247#0 1
9461 0 111247#1 1
9462 0 20335#0 1
9463 0 29765#0 1
9463 0 29765#7 1
9464 0 36787#2 1
9465 0 6111#0 1
9465 0 6111#4 1
9466 0 509963#0 1
9467 0 7343#0 1
9468 0 154068#0 1
9469 0 977315#2 1
9470 0 182804#9 1
9471 0 108912#6 1
9471 0 108912#7 1
9472 0 690929#30 1
9472 0 690929#23 1
9473 0 395843#0 1
9474 0 67640#8 1
9474 0 67640#7 1
9475 0 318950#0 1
9476 0 16341#0 1
9477 0 13069#6 1
9478 0 42179#30 1
9479 0 22389#0 1
9479 0 22389#2 1
9480 0 199669#0 1
9480 0 199669#5 1
9481 0 70235#0 1
9482 0 16655#0 1
9483 0 297#0 1
9484 0 590690#7 1
9485 0 99902#0 1
9486 0 34357#47 1
9487 0 96432#1 1
9488 0 11166#27 1
9489 0 150360#10 1
9490 0 308588#2 1
9491 0 767802#4 1
9492 0 240#7 1
9493 0 111247#1 1
9494 0 117694#1 1
9495 0 68768#0 1
9495 0 68768#10 1
9496 0 12494#3 1
9497 0 592074#1 1
9498 0 322019#1 1
9499 0 28537#1 1
9500 0 16341#24 1
9501 0 65333#14 1
9502 0 672512#16 1
9502 0 672512#17 1
9502 0 672512#7 1
9503 0 329631#10 1
9504 0 7172#40 1
9505 0 99776#0 1
9506 0 506394#0 1
9507 0 30028#2 1
9508 0 103862#2 1
9509 0 6148#24 1
9510 0 1442203#3 1
9511 0 1160786#1 1
9511 0 1160786#4 1
9512 0 560888#0 1
9512 0 560888#2 1
9513 0 395843#0 1
9514 0 22245#29 1
9515 0 42179#1 1
9516 0 270073#0 1
9517 0 1002160#0 1
9518 0 260#1 1
9519 0 767802#1 1
9520 0 58595#0 1
9521 0 680#1 1
9522 0 28537#0 1
9523 0 99849#2 1
9524 0 8691#4 1
9525 0 411068#1 1
9526 0 29765#0 1
9527 0 24616#11 1
9528 0 1177015#0 1
9529 0 251#5 1
9530 0 29983#13 1
9531 0 45820#0 1
9532 0 658027#0 1
9533 0 867537#0 1
9534 0 1298940#0 1
9535 0 767802#1 1
9536 0 61345#92 1
9537 0 408500#0 1
9538 0 29765#0 1
9539 0 9106#0 1
9540 0 573546#14 1
9541 0 425734#0 1
9542 0 820#0 1
9543 0 509272#0 1
9544 0 4947#0 1
9544 0 4947#3 1
9545 0 330331#0 1
9546 0 493786#0 1
9546 0 493786#1 1
9547 0 17147#0 1
9548 0 1256#0 1
9549 0 4947#21 1
9550 0 637#6 1
9551 0 294519#0 1
9552 0 820#0 1
9553 0 163625#1 1
9554 0 18168#0 1
9555 0 16972#8 1
9556 0 7343#0 1
9557 0 11931#0 1
9558 0 425734#44 1
9558 0 425734#5 1
9559 0 638#12 1
9560 0 55162#0 1
9561 0 15015#3 1
9562 0 1285624#4 1
9562 0 1285624#5 1
9563 0 71509#2 1
9564 0 38317#1 1
9564 0 38317#14 1
9565 0 58595#11 1
9565 0 58595#12 1
9566 0 118182#4 1
9567 0 31060#1 1
9568 0 17349#1 1
9569 0 1684#3 1
9570 0 18#2 1
9571 0 5511#0 1
