6763 0 104578#46 1
6764 0 314819#0 1
6764 0 314819#18 1
6764 0 314819#3 1
6765 0 214794#1 1
6766 0 543560#0 1
6767 0 63967#0 1
6768 0 99415#1 1
6768 0 99415#6 1
6769 0 55439#6 1
6770 0 2042332#0 1
6771 0 1061358#0 1
6772 0 1795278#13 1
6773 0 701891#1 1
6774 0 15963#37 1
6775 0 197685#0 1
6776 0 3738313#2 1
6777 0 245994#0 1
6778 0 210830#0 1
6779 0 1881133#0 1
6780 0 131285#2 1
6780 0 131285#60 1
6781 0 406000#32 1
6781 0 406000#1 1
6782 0 576798#0 1
6783 0 241912#17 1
6783 0 241912#3 1
6784 0 259687#23 1
6785 0 1989966#1 1
6786 0 5276842#4 1
6787 0 21825#1 1
6788 0 130780#0 1
6789 0 6880354#0 1
6790 0 161747#1 1
6791 0 3474608#0 1
6792 0 738548#0 1
6793 0 2804873#11 1
6794 0 4904588#0 1
6795 0 1818320#0 1
6796 0 6422790#1 1
6797 0 55903#33 1
6798 0 877205#1 1
6799 0 1011890#17 1
6800 0 774274#2 1
6800 0 774274#36 1
6801 0 109961#2 1
6801 0 109961#23 1
6802 0 23005#1 1
6803 0 15967#21 1
6804 0 3991057#9 1
6805 0 603893#15 1
6806 0 17575#0 1
6807 0 1718273#1 1
6808 0 93445#3 1
6809 0 1015566#1 1
6810 0 41167#0 1
6811 0 3549475#5 1
6812 0 2597869#1 1
6813 0 1352993#0 1
6814 0 1933932#3 1
6815 0 109961#1 1
6816 0 4619161#1 1
6817 0 4884646#0 1
6818 0 4637132#10 1
6819 0 3908445#23 1
6820 0 901017#14 1
6821 0 157506#1 1
6822 0 103139#7 1
6823 0 1144186#0 1
6824 0 256948#4 1
6825 0 259876#0 1
6826 0 167625#1 1
6827 0 3887215#0 1
6828 0 187070#19 1
6829 0 259876#10 1
6830 0 109961#0 1
6831 0 134375#2 1
6832 0 763901#5 1
6833 0 23027#3 1
6833 0 23027#19 1
6833 0 23027#5 1
6834 0 607521#3 1
6835 0 28846#0 1
6836 0 94394#0 1
6837 0 6164087#0 1
6838 0 289610#10 1
6839 0 1835100#1 1
6839 0 1835100#3 1
6840 0 4036976#1 1
6841 0 32290#0 1
6841 0 32290#2 1
6843 0 1841241#0 1
6844 0 5029727#0 1
6844 0 5029727#33 1
6844 0 5029727#22 1
6845 0 186050#19 1
6846 0 189160#1 1
6847 0 2426580#2 1
6848 0 251622#13 1
6849 0 869758#30 1
6850 0 3196215#0 1
6851 0 709505#0 1
6852 0 4258436#0 1
6853 0 2814987#3 1
6854 0 106780#0 1
6855 0 630674#0 1
6856 0 507638#3 1
6857 0 249997#0 1
6857 0 249997#1 1
6857 0 249997#10 1
6858 0 134237#2 1
6858 0 134237#46 1
6859 0 88865#3 1
6860 0 396095#85 1
6861 0 967451#0 1
6862 0 21468#0 1
6863 0 664471#13 1
6864 0 1593355#26 1
6864 0 1593355#30 1
6864 0 1593355#23 1
6865 0 136503#0 1
6866 0 62906#0 1
6867 0 579796#0 1
6868 0 31650#9 1
6869 0 15967#4 1
6870 0 1073500#0 1
6871 0 52476#0 1
6872 0 63967#1 1
6873 0 245914#2 1
6874 0 960981#2 1
6875 0 5022389#0 1
6876 0 45560#2 1
6877 0 5629899#2 1
6877 0 5629899#13 1
6878 0 3657825#2 1
6879 0 70967#0 1
6880 0 125282#12 1
6881 0 39668#14 1
6882 0 237626#0 1
6883 0 2575743#1 1
6884 0 753560#0 1
6885 0 271647#6 1
6886 0 5272673#0 1
6887 0 1579679#0 1
6888 0 1538226#0 1
6889 0 15421#1 1
6890 0 25256#0 1
6890 0 25256#1 1
6891 0 4682745#7 1
6892 0 3258474#0 1
6893 0 1823462#14 1
6894 0 150054#1 1
6895 0 1467630#0 1
6896 0 2233724#2 1
6897 0 355275#1 1
6898 0 738548#0 1
6898 0 738548#6 1
6899 0 1079508#0 1
6900 0 1035429#1 1
6901 0 1505130#3 1
6902 0 123028#0 1
6902 0 123028#33 1
6903 0 5178835#0 1
6904 0 3109869#0 1
6905 0 19494#0 1
6906 0 4226836#0 1
6907 0 3565182#2 1
6907 0 3565182#35 1
6908 0 471#36 1
6908 0 471#38 1
6909 0 26198#1 1
6909 0 26198#31 1
6910 0 6721438#0 1
6911 0 162605#12 1
6911 0 162605#14 1
6912 0 151906#2 1
6913 0 24935#12 1
6914 0 108869#2 1
6915 0 6815601#0 1
6916 0 259876#3 1
6917 0 1433028#0 1
6918 0 204982#0 1
6919 0 314559#2 1
6919 0 314559#34 1
6921 0 52300#1 1
6922 0 1432429#0 1
6922 0 1432429#1 1
6923 0 115388#25 1
6924 0 1762197#0 1
6925 0 85491#0 1
6926 0 4682745#0 1
6927 0 4690457#3 1
6928 0 357988#33 1
6929 0 1339501#5 1
6930 0 4004207#2 1
6931 0 1494783#0 1
6932 0 4227899#0 1
6933 0 11525#37 1
6934 0 33217#2 1
6935 0 672865#6 1
6936 0 56405#5 1
6937 0 3722#36 1
6938 0 5092861#0 1
6939 0 1200082#0 1
6940 0 400835#0 1
6941 0 1905287#1 1
6942 0 6408683#4 1
6943 0 1494783#25 1
6943 0 1494783#18 1
6944 0 2071550#4 1
6945 0 7514386#0 1
6945 0 7514386#4 1
6946 0 5892141#0 1
6947 0 7058588#0 1
6948 0 509099#0 1
6949 0 85#1 1
6950 0 199858#0 1
6950 0 199858#2 1
6951 0 267687#10 1
6952 0 199393#0 1
6953 0 332633#12 1
6954 0 57988#24 1
6956 0 799083#3 1
6957 0 1271364#0 1
6958 0 724610#1 1
6959 0 1579385#0 1
6960 0 4258436#0 1
6961 0 156574#0 1
6962 0 2258234#1 1
6962 0 2258234#84 1
6963 0 197123#6 1
6964 0 1684872#0 1
6965 0 7022455#0 1
6965 0 7022455#1 1
6966 0 6544201#3 1
6967 0 117499#0 1
6968 0 131285#0 1
6969 0 1936874#18 1
6970 0 6904058#0 1
6971 0 3908445#0 1
6972 0 34936#2 1
6972 0 34936#3 1
6973 0 445136#0 1
6974 0 133852#4 1
6975 0 166796#3 1
6976 0 4474999#1 1
6977 0 161747#4 1
6978 0 14079#0 1
6979 0 99906#0 1
6980 0 113453#0 1
6980 0 113453#4 1
6981 0 61820#0 1
6982 0 14294#19 1
6983 0 120600#2 1
6984 0 101835#0 1
6985 0 6904058#1 1
6986 0 229280#0 1
6987 0 1207541#1 1
6988 0 2024120#0 1
6989 0 1134699#1 1
6990 0 26423#2 1
6991 0 4975156#0 1
6991 0 4975156#1 1
6992 0 1918545#3 1
6993 0 179134#0 1
6994 0 5404262#1 1
6995 0 525089#0 1
6996 0 5029727#0 1
6997 0 866752#0 1
6998 0 166724#0 1
6999 0 1717514#0 1
7000 0 13261#3 1
7001 0 13247#0 1
7002 0 28821#37 1
7003 0 640482#5 1
7004 0 1436214#4 1
7005 0 579646#0 1
7006 0 1218#4 1
7007 0 7062408#0 1
7008 0 67514#2 1
7009 0 199858#0 1
7010 0 2664407#0 1
7011 0 3543219#8 1
7012 0 509605#0 1
7013 0 1338391#3 1
7015 0 315369#1 1
7016 0 94415#1 1
7017 0 303844#0 1
7018 0 137288#1 1
7019 0 1675682#16 1
7019 0 1675682#12 1
7020 0 13323#0 1
7021 0 578941#11 1
7022 0 1998612#0 1
7022 0 1998612#4 1
7023 0 6353957#0 1
7024 0 2096386#1 1
7025 0 547#0 1
7026 0 809679#16 1
7027 0 1040715#4 1
7028 0 1876987#6 1
7029 0 392329#0 1
7030 0 2064551#1 1
7031 0 186505#6 1
7032 0 4461202#3 1
7033 0 4631522#0 1
7034 0 537159#4 1
7035 0 86566#144 1
7035 0 86566#0 1
7036 0 3648723#1 1
7037 0 5213213#1 1
7038 0 1226#9 1
7039 0 9730#0 1
7040 0 6186155#4 1
7041 0 230929#3 1
7041 0 230929#5 1
7041 0 230929#6 1
7042 0 119723#34 1
7042 0 119723#3 1
7043 0 3434377#1 1
7044 0 579570#11 1
7045 0 721737#1 1
7046 0 148709#1 1
7047 0 4687018#3 1
7048 0 60298#2 1
7049 0 2539230#6 1
7049 0 2539230#7 1
7050 0 4094625#0 1
7050 0 4094625#1 1
7051 0 357988#16 1
7051 0 357988#2 1
7052 0 5474840#0 1
7053 0 2042344#2 1
7054 0 9156#6 1
7055 0 124447#4 1
7056 0 694468#0 1
7056 0 694468#9 1
7057 0 248379#1 1
7058 0 17486#1 1
7059 0 986072#2 1
7060 0 17489#1 1
7061 0 4642735#0 1
7062 0 31650#0 1
7062 0 31650#3 1
7063 0 9730#1 1
7064 0 4863151#0 1
7065 0 702243#0 1
7065 0 702243#1 1
7066 0 1385643#0 1
7067 0 39174#0 1
7068 0 285686#19 1
7068 0 285686#30 1
7069 0 1362019#1 1
7070 0 445136#0 1
7071 0 2858#0 1
7072 0 3585127#122 1
7072 0 3585127#27 1
7073 0 192566#23 1
7074 0 93036#0 1
7075 0 1893210#0 1
7076 0 6585556#9 1
7077 0 1604937#0 1
7078 0 2911334#0 1
7079 0 7022455#0 1
7080 0 77621#0 1
7081 0 1372166#8 1
7081 0 1372166#0 1
7082 0 156777#0 1
7083 0 3938788#0 1
7084 0 693505#16 1
7084 0 693505#11 1
7085 0 46841#1 1
7086 0 108946#0 1
7087 0 110112#5 1
7088 0 322928#1 1
7089 0 7533630#3 1
7090 0 635313#0 1
7091 0 291772#0 1
7092 0 137349#26 1
7093 0 166724#0 1
7094 0 818381#20 1
7095 0 293936#3 1
7096 0 396095#1 1
7097 0 60168#3 1
7097 0 60168#4 1
7098 0 77888#0 1
7099 0 3520905#0 1
7100 0 2862254#25 1
7100 0 2862254#3 1
7101 0 194725#0 1
7102 0 16739#0 1
7103 0 11263#0 1
7104 0 5120139#8 1
7105 0 29597#64 1
7106 0 1905287#2 1
7107 0 6621969#2 1
7108 0 4481342#3 1
7109 0 601241#2 1
7109 0 601241#3 1
7110 0 321260#4 1
7111 0 4814170#1 1
7112 0 270359#20 1
7113 0 321945#0 1
7114 0 182193#0 1
7115 0 7493016#0 1
7116 0 808413#0 1
7116 0 808413#31 1
7117 0 2050270#9 1
7117 0 2050270#1 1
7118 0 3053306#0 1
7119 0 2104033#2 1
7120 0 3131#0 1
7121 0 5270516#13 1
7122 0 1933932#3 1
7123 0 1724642#0 1
7124 0 5340537#0 1
7125 0 5240654#0 1
7126 0 365606#1 1
7127 0 6735327#0 1
7128 0 118192#0 1
7128 0 118192#1 1
7129 0 4897202#0 1
7130 0 91515#1 1
7131 0 512567#1 1
7132 0 2047479#0 1
7132 0 2047479#8 1
7132 0 2047479#4 1
7133 0 2597869#2 1
7134 0 9841#29 1
7135 0 25232#2 1
7136 0 1971045#0 1
7137 0 2954236#1 1
7138 0 111301#12 1
7139 0 69013#2 1
7140 0 2817407#3 1
7141 0 664471#0 1
7142 0 145949#0 1
7143 0 2791066#1 1
7144 0 1385643#4 1
7145 0 1251070#0 1
7146 0 986072#16 1
7146 0 986072#1 1
7147 0 17724#0 1
7148 0 1505130#9 1
7149 0 30482#0 1
7150 0 4000536#0 1
7151 0 261139#7 1
7152 0 36726#3 1
7153 0 4519337#3 1
7154 0 317308#1 1
7154 0 317308#20 1
7155 0 3440517#0 1
7156 0 118848#12 1
7157 0 551151#8 1
7158 0 203381#5 1
7159 0 7046299#2 1
7160 0 1756812#0 1
7161 0 291772#0 1
7163 0 212092#0 1
7163 0 212092#5 1
7164 0 314559#2 1
7165 0 799539#0 1
7166 0 14954#0 1
7166 0 14954#94 1
7167 0 72432#2 1
7167 0 72432#60 1
7168 0 1548641#4 1
7169 0 60050#1 1
7170 0 3851113#0 1
7171 0 2178663#0 1
7171 0 2178663#3 1
7172 0 263390#23 1
7173 0 5958944#9 1
7174 0 1305104#0 1
7175 0 1352982#1 1
7176 0 6813761#1 1
7177 0 1781153#3 1
7178 0 278305#0 1
7179 0 95586#5 1
7180 0 67506#1 1
7181 0 1412364#0 1
7182 0 52125#0 1
7183 0 30865#13 1
7184 0 138068#0 1
7185 0 230457#82 1
7185 0 230457#79 1
7186 0 869758#20 1
7187 0 1500223#7 1
7188 0 94237#0 1
7189 0 2132568#0 1
7189 0 2132568#11 1
7190 0 69015#0 1
7191 0 1876987#8 1
7192 0 180605#0 1
7193 0 54229#0 1
7194 0 184173#17 1
7195 0 126166#3 1
7196 0 261171#36 1
7197 0 7082997#1 1
7198 0 963524#1 1
7199 0 123028#1 1
7200 0 3397404#1 1
7201 0 1062859#0 1
7202 0 99409#1 1
7203 0 157506#0 1
7203 0 157506#53 1
7204 0 2762606#9 1
7205 0 2073349#8 1
7205 0 2073349#2 1
7206 0 196334#5 1
7207 0 525089#2 1
7208 0 78755#3 1
7209 0 6815601#0 1
7209 0 6815601#15 1
7210 0 4260154#0 1
7211 0 869758#30 1
7212 0 7408582#1 1
7212 0 7408582#3 1
7213 0 7040837#0 1
7214 0 4682745#25 1
7215 0 2569#0 1
7215 0 2569#2 1
7216 0 8218#1 1
7217 0 1772985#41 1
7218 0 46841#2 1
7219 0 1579679#0 1
7220 0 285686#0 1
7221 0 314748#0 1
7222 0 59993#0 1
7223 0 83651#0 1
7224 0 4003666#21 1
7225 0 793082#5 1
7226 0 271333#0 1
7227 0 2172135#2 1
7228 0 2233724#0 1
7229 0 137349#26 1
7230 0 595133#5 1
7231 0 2042344#0 1
7232 0 376636#19 1
7233 0 5057063#0 1
7234 0 1423113#1 1
7235 0 6183984#26 1
7236 0 726952#1 1
7237 0 44698#1 1
7238 0 1826444#7 1
7239 0 78526#8 1
7240 0 21506#0 1
7241 0 2804873#1 1
7242 0 3846536#0 1
7242 0 3846536#4 1
7243 0 1951316#5 1
7243 0 1951316#7 1
7244 0 22549#4 1
7245 0 1047443#0 1
7246 0 5083505#1 1
7247 0 5036134#0 1
7247 0 5036134#71 1
7248 0 166059#0 1
7249 0 70967#0 1
7250 0 2815160#1 1
7251 0 277115#1 1
7252 0 1998612#1 1
7253 0 315369#1 1
7253 0 315369#5 1
7254 0 13330#16 1
7254 0 13330#1 1
7255 0 3529391#1 1
7256 0 687512#3 1
7257 0 6544201#3 1
7258 0 2671488#2 1
7259 0 6621969#1 1
7260 0 1599878#1 1
7260 0 1599878#7 1
7261 0 84161#0 1
7262 0 106330#13 1
7263 0 59618#0 1
7264 0 3135342#8 1
7265 0 960981#35 1
7266 0 3710630#0 1
7267 0 932690#1 1
7267 0 932690#26 1
7268 0 3576720#15 1
7269 0 1748980#1 1
7270 0 1553041#1 1
7271 0 808413#0 1
7272 0 742639#0 1
7273 0 1140569#0 1
7274 0 899378#4 1
7275 0 89486#0 1
7276 0 2178663#1 1
7277 0 313042#0 1
7278 0 1118#0 1
7279 0 4843817#0 1
7280 0 205449#0 1
7281 0 3642731#0 1
7282 0 138068#1 1
7283 0 99849#15 1
7284 0 1654370#3 1
7285 0 1115851#1 1
7286 0 279261#1 1
7286 0 279261#5 1
7287 0 1265278#2 1
7287 0 1265278#10 1
7288 0 83656#0 1
7289 0 10706#1 1
7290 0 94415#10 1
7290 0 94415#2 1
7291 0 771087#1 1
7291 0 771087#2 1
7292 0 5676916#4 1
7293 0 5607252#0 1
7294 0 457695#21 1
7295 0 546996#1 1
7296 0 4814170#1 1
7297 0 75#20 1
7298 0 500229#4 1
7299 0 3887215#3 1
7300 0 3383208#0 1
7301 0 507874#0 1
7302 0 2669135#1 1
7303 0 93177#0 1
7304 0 36333#36 1
7305 0 180605#0 1
7306 0 3284668#0 1
7307 0 2985711#0 1
7308 0 721465#20 1
7309 0 2305655#1 1
7310 0 1750006#0 1
7310 0 1750006#19 1
7311 0 6943463#1 1
7312 0 41167#12 1
7313 0 201593#1 1
7314 0 2132568#27 1
7315 0 22531#5 1
7316 0 702243#18 1
7317 0 400835#2 1
7318 0 3376043#0 1
7319 0 785481#14 1
7320 0 613435#0 1
7321 0 540768#7 1
7322 0 867156#2 1
7323 0 279261#2 1
7324 0 106321#16 1
7324 0 106321#1 1
7324 0 106321#14 1
7325 0 5213213#1 1
7325 0 5213213#2 1
7326 0 2560124#0 1
7327 0 40712#2 1
7328 0 3507#4 1
7328 0 3507#23 1
7329 0 708650#0 1
7329 0 708650#4 1
7330 0 110422#1 1
7331 0 1277331#0 1
7332 0 103043#0 1
7333 0 400465#1 1
7334 0 1779319#0 1
7335 0 142985#0 1
7335 0 142985#1 1
7336 0 11525#1 1
7337 0 376456#0 1
7338 0 23276#1 1
7338 0 23276#2 1
7339 0 5281990#3 1
7340 0 39668#0 1
7341 0 6408683#0 1
7342 0 1226#9 1
7343 0 83449#0 1
7344 0 1575811#1 1
7345 0 2712581#2 1
7346 0 1226#2 1
7347 0 187070#11 1
7348 0 250540#0 1
7348 0 250540#5 1
7349 0 531858#3 1
7350 0 1430406#2 1
7350 0 1430406#3 1
7351 0 1377130#1 1
7352 0 94076#0 1
7353 0 45429#2 1
7354 0 58527#0 1
7355 0 43187#8 1
7355 0 43187#10 1
7356 0 403815#10 1
7357 0 437396#0 1
7358 0 314559#0 1
7358 0 314559#2 1
7358 0 314559#47 1
7359 0 27130#1 1
7359 0 27130#4 1
7360 0 34936#0 1
7360 0 34936#15 1
7361 0 951191#0 1
7362 0 75380#2 1
7363 0 345774#0 1
7363 0 345774#1 1
7363 0 345774#31 1
7364 0 3483276#9 1
7364 0 3483276#11 1
7365 0 50956#7 1
7366 0 267687#2 1
7367 0 133432#0 1
7368 0 1996569#42 1
7369 0 3120551#0 1
7370 0 541450#12 1
7371 0 267687#5 1
7372 0 153189#0 1
7373 0 1332358#0 1
7374 0 24764#0 1
7375 0 1212024#14 1
7376 0 511197#12 1
7377 0 373#1 1
7378 0 3617356#0 1
7378 0 3617356#25 1
7379 0 3335364#11 1
7380 0 540768#0 1
7380 0 540768#1 1
7381 0 90708#0 1
7382 0 53971#1 1
7383 0 1558802#4 1
7384 0 204147#1 1
7384 0 204147#14 1
7385 0 39668#6 1
7386 0 321260#1 1
7387 0 39174#22 1
7388 0 4034463#0 1
7389 0 144184#31 1
7390 0 793082#10 1
7390 0 793082#6 1
7391 0 1966732#0 1
7392 0 273940#10 1
7393 0 53904#4 1
7394 0 3954661#0 1
7395 0 22495#0 1
7396 0 4884646#16 1
7396 0 4884646#0 1
7397 0 5120139#0 1
7398 0 2379628#5 1
7398 0 2379628#53 1
7399 0 16377#0 1
7400 0 143804#0 1
7401 0 4220#16 1
7402 0 1841241#3 1
7403 0 3040765#0 1
7404 0 5122949#15 1
7405 0 1271364#0 1
7405 0 1271364#11 1
7406 0 125379#12 1
7407 0 2750258#1 1
7408 0 2869991#1 1
7408 0 2869991#31 1
7409 0 9156#4 1
7410 0 5992632#0 1
7411 0 304628#0 1
7412 0 1120#1 1
7413 0 708650#1 1
7414 0 82006#7 1
7415 0 1157349#4 1
7416 0 62587#1 1
7417 0 508301#1 1
7418 0 3284573#0 1
7419 0 4350259#0 1
7420 0 774274#7 1
7421 0 3418762#1 1
7422 0 879136#3 1
7423 0 194716#0 1
7424 0 693505#0 1
7425 0 1155947#2 1
7426 0 3924196#3 1
7427 0 2291355#3 1
7428 0 4690258#1 1
7429 0 1623671#1 1
7430 0 45777#3 1
7431 0 953783#1 1
7432 0 5438682#0 1
7433 0 45927#1 1
7434 0 46863#0 1
7435 0 1127311#0 1
7435 0 1127311#1 1
7435 0 1127311#3 1
7436 0 907840#3 1
7437 0 138748#0 1
7438 0 1553041#2 1
7439 0 3617356#1 1
7439 0 3617356#19 1
7440 0 46841#3 1
7441 0 636998#0 1
7442 0 2362999#1 1
7443 0 21468#0 1
7443 0 21468#53 1
7444 0 2711320#24 1
7444 0 2711320#4 1
7445 0 64809#5 1
7446 0 245353#0 1
7447 0 1575811#0 1
7448 0 910706#2 1
7449 0 1539545#0 1
7449 0 1539545#2 1
7450 0 45693#3 1
7451 0 3229039#0 1
7452 0 43560#0 1
7453 0 7137310#3 1
7453 0 7137310#21 1
7454 0 640073#0 1
7455 0 799083#3 1
7456 0 156777#57 1
7456 0 156777#13 1
7457 0 249995#26 1
7458 0 363408#0 1
7459 0 4361587#1 1
7460 0 2106644#0 1
7461 0 3136794#0 1
7462 0 3004053#3 1
7463 0 728745#0 1
7464 0 9841#3 1
7465 0 965013#0 1
7465 0 965013#1 1
7466 0 69591#3 1
7467 0 4430785#1 1
7468 0 83681#1 1
7469 0 3669109#0 1
7469 0 3669109#1 1
7470 0 120600#3 1
7471 0 6310024#2 1
7472 0 1989966#0 1
7473 0 137349#18 1
7474 0 7636021#1 1
7475 0 522621#3 1
7476 0 4847338#2 1
7477 0 635371#12 1
7478 0 259876#0 1
7479 0 512567#0 1
7480 0 259687#23 1
7481 0 23027#4 1
7482 0 64809#0 1
7482 0 64809#1 1
7482 0 64809#6 1
7483 0 2680735#0 1
7484 0 3490#0 1
7485 0 187070#15 1
7486 0 6829735#8 1
7487 0 93177#0 1
7488 0 285751#0 1
7489 0 453240#10 1
7489 0 453240#12 1
7490 0 2869991#1 1
7491 0 33217#7 1
7492 0 721737#4 1
7493 0 149516#4 1
7494 0 190916#0 1
7495 0 304628#1 1
7495 0 304628#28 1
7496 0 159419#0 1
7497 0 3524091#0 1
7498 0 1261411#0 1
7499 0 457351#5 1
7500 0 67514#0 1
7501 0 7394451#1 1
7502 0 910706#7 1
7503 0 20034#0 1
7504 0 1854258#2 1
7505 0 6660828#21 1
7506 0 69983#0 1
7507 0 6002468#0 1
7507 0 6002468#1 1
7508 0 50420#5 1
7509 0 22531#4 1
7510 0 2015153#0 1
7510 0 2015153#4 1
7511 0 9841#44 1
7512 0 1261411#0 1
7513 0 41167#0 1
7513 0 41167#2 1
7514 0 4100679#0 1
7515 0 373819#5 1
7516 0 2712581#0 1
7516 0 2712581#1 1
7517 0 8445#0 1
7518 0 789648#1 1
7519 0 4361587#1 1
7520 0 4981177#0 1
7521 0 75803#4 1
7522 0 199858#0 1
7523 0 403530#5 1
7524 0 67939#0 1
7525 0 4220#2 1
7526 0 4519337#2 1
7527 0 144012#2 1
7528 0 3993969#0 1
7529 0 199858#0 1
7530 0 134375#3 1
7531 0 3004053#0 1
7532 0 2104033#0 1
7533 0 6585556#1 1
7534 0 1478197#4 1
7535 0 786689#0 1
7536 0 149516#1 1
7537 0 108869#2 1
7538 0 914920#0 1
7538 0 914920#1 1
7539 0 4853047#0 1
7540 0 251622#1 1
7541 0 118678#19 1
7542 0 191853#1 1
7543 0 302774#5 1
7544 0 4217372#1 1
7545 0 2154626#0 1
7545 0 2154626#1 1
7546 0 770380#0 1
7547 0 3196215#0 1
7548 0 2817407#16 1
7549 0 19140#0 1
7550 0 252656#9 1
7550 0 252656#6 1
7551 0 22715#4 1
7552 0 890860#1 1
7553 0 82006#0 1
7554 0 1854258#8 1
7554 0 1854258#9 1
7555 0 5724821#0 1
7556 0 117627#1 1
7557 0 1212024#18 1
7557 0 1212024#19 1
7558 0 3543219#1 1
7559 0 3887215#0 1
7559 0 3887215#4 1
7560 0 40712#0 1
7561 0 146953#2 1
7562 0 7663361#0 1
7562 0 7663361#37 1
7563 0 960981#35 1
7564 0 118192#10 1
7565 0 1818320#8 1
7565 0 1818320#26 1
7566 0 721119#3 1
7567 0 130158#2 1
7568 0 1538226#0 1
7569 0 166059#0 1
7569 0 166059#1 1
7570 0 4863151#1 1
7571 0 63967#1 1
7572 0 143804#0 1
7573 0 77621#1 1
7574 0 357988#0 1
7574 0 357988#4 1
7575 0 146273#0 1
7576 0 1647559#0 1
7577 0 44659#1 1
7578 0 210830#0 1
7579 0 144184#1 1
7580 0 13821#0 1
7581 0 323263#3 1
7582 0 345845#35 1
7583 0 128685#0 1
7584 0 373721#1 1
7584 0 373721#3 1
7585 0 30865#1 1
7586 0 1353837#2 1
7587 0 435096#0 1
7588 0 951191#0 1
7589 0 56483#4 1
7590 0 4860871#24 1
7590 0 4860871#23 1
7591 0 2628873#4 1
7592 0 10706#1 1
7593 0 33907#0 1
7594 0 2507360#1 1
7595 0 1825354#0 1
7596 0 2162368#9 1
7597 0 546996#1 1
7598 0 4260154#6 1
7599 0 579570#0 1
7600 0 71854#0 1
7601 0 2096386#14 1
7602 0 25301#0 1
7603 0 73251#6 1
7604 0 144260#0 1
7605 0 815195#0 1
7606 0 2539230#1 1
7607 0 10342#1 1
7607 0 10342#12 1
7608 0 11005#20 1
7609 0 22864#1 1
7609 0 22864#12 1
7610 0 11525#0 1
7611 0 1565375#2 1
7612 0 1087432#1 1
7613 0 162313#1 1
7614 0 236673#0 1
7615 0 552900#1 1
7616 0 2051805#0 1
7617 0 509605#1 1
7618 0 9851#0 1
7618 0 9851#1 1
7619 0 238285#0 1
7620 0 172071#14 1
7620 0 172071#15 1
7621 0 1104482#1 1
7622 0 521634#0 1
7623 0 14294#0 1
7624 0 44698#0 1
7624 0 44698#29 1
7625 0 552900#3 1
7626 0 1553041#1 1
7627 0 2791066#0 1
7627 0 2791066#1 1
7628 0 1450197#2 1
7628 0 1450197#22 1
7629 0 110064#0 1
7630 0 71854#7 1
7631 0 30167#0 1
7632 0 1115851#1 1
7633 0 3565182#10 1
7633 0 3565182#21 1
7634 0 2965#5 1
7635 0 3924196#5 1
7636 0 1087432#1 1
7637 0 214794#1 1
7638 0 509099#3 1
7638 0 509099#46 1
7639 0 75380#0 1
7640 0 37780#0 1
7641 0 1935404#0 1
7642 0 7709#0 1
7643 0 30865#1 1
7644 0 56157#2 1
7645 0 131427#13 1
7646 0 33217#0 1
7647 0 1815399#2 1
7648 0 2421310#0 1
7648 0 2421310#1 1
7649 0 58579#0 1
7650 0 119723#9 1
7650 0 119723#11 1
7651 0 393994#0 1
7652 0 2379628#5 1
7653 0 913990#16 1
7654 0 1477552#2 1
7655 0 613435#34 1
7655 0 613435#2 1
7656 0 961498#0 1
7656 0 961498#1 1
7657 0 1015566#2 1
7658 0 62587#2 1
7659 0 640073#2 1
7660 0 84161#0 1
7661 0 17486#2 1
7661 0 17486#75 1
7662 0 1265278#2 1
7663 0 3817568#2 1
7664 0 61223#11 1
7665 0 42154#2 1
7666 0 5086649#0 1
7667 0 287602#0 1
7668 0 1813030#0 1
7669 0 75642#8 1
7669 0 75642#0 1
7670 0 132448#0 1
7670 0 132448#5 1
7671 0 6688675#3 1
7672 0 75803#14 1
7673 0 5422167#1 1
7674 0 14104#3 1
7675 0 87195#0 1
7676 0 6570379#0 1
7677 0 7487#0 1
7678 0 54814#2 1
7679 0 4289#2 1
7680 0 864415#8 1
7681 0 187522#4 1
7682 0 201593#0 1
7682 0 201593#58 1
7683 0 41230#6 1
7683 0 41230#7 1
7684 0 1813030#0 1
7684 0 1813030#63 1
7685 0 7408582#1 1
7686 0 118678#19 1
7687 0 1734683#0 1
7688 0 371798#1 1
7689 0 2615#9 1
7690 0 694410#1 1
7690 0 694410#2 1
7691 0 72032#0 1
7692 0 62027#0 1
7693 0 5494993#0 1
7694 0 1270395#7 1
7695 0 266047#2 1
7696 0 913990#29 1
7696 0 913990#7 1
7697 0 25428#0 1
7698 0 4954021#8 1
7699 0 313910#1 1
7700 0 789648#0 1
7701 0 285686#1 1
7702 0 102583#3 1
7703 0 51137#0 1
7704 0 345774#4 1
7705 0 31709#0 1
7706 0 393994#18 1
7707 0 3064203#1 1
7708 0 1069606#5 1
7709 0 3074623#1 1
7710 0 14133#0 1
7711 0 131443#5 1
7711 0 131443#46 1
7712 0 344695#1 1
7713 0 1421428#2 1
7714 0 6779270#0 1
7715 0 149865#0 1
7715 0 149865#2 1
7716 0 576798#0 1
7716 0 576798#43 1
7717 0 2965#5 1
7718 0 180224#0 1
7719 0 175542#0 1
7720 0 305166#0 1
7721 0 36351#2 1
7722 0 3738313#50 1
7722 0 3738313#4 1
7723 0 1670773#0 1
7724 0 8007#7 1
7725 0 2971746#2 1
7726 0 10431#1 1
7727 0 1293997#1 1
7728 0 249995#26 1
7728 0 249995#3 1
7729 0 732680#0 1
7730 0 2830261#0 1
7731 0 4165033#5 1
7732 0 1996569#12 1
7733 0 6219300#0 1
7734 0 56405#1 1
7734 0 56405#63 1
7735 0 3434788#0 1
7736 0 345774#2 1
7737 0 1115851#1 1
7738 0 606082#1 1
7739 0 1825#0 1
7740 0 384267#0 1
7741 0 40712#2 1
7742 0 393994#0 1
7743 0 3684412#0 1
7743 0 3684412#22 1
7744 0 3747266#1 1
7745 0 3355522#0 1
7746 0 2619435#0 1
7747 0 9156#6 1
7748 0 7405#3 1
7749 0 187157#1 1
7749 0 187157#4 1
7749 0 187157#22 1
7750 0 53904#1 1
7751 0 5092861#0 1
7752 0 368662#0 1
7752 0 368662#1 1
7753 0 36333#3 1
7754 0 67939#1 1
7755 0 6598215#2 1
7756 0 169450#0 1
7757 0 172911#0 1
7758 0 1467#0 1
7758 0 1467#3 1
7759 0 245482#6 1
7760 0 260627#3 1
7761 0 85735#2 1
7762 0 2444778#2 1
