1598 0 7207#0 1
1599 0 108721#11 1
1600 0 991961#7 1
1601 0 38538#0 1
1602 0 12658#0 1
1603 0 855730#0 1
1604 0 1504907#0 1
1605 0 182728#5 1
1606 0 28256#0 1
1607 0 1418110#16 1
1607 0 1418110#0 1
1608 0 9801#1 1
1609 0 698189#0 1
1609 0 698189#3 1
1610 0 29495#0 1
1611 0 310927#1 1
1612 0 5106#0 1
1612 0 5106#23 1
1613 0 1034643#0 1
1614 0 220805#13 1
1615 0 1304627#5 1
1616 0 27949#1 1
1617 0 15597#3 1
1618 0 77069#0 1
1619 0 216123#0 1
1619 0 216123#1 1
1619 0 216123#182 1
1620 0 66694#0 1
1620 0 66694#12 1
1621 0 377444#0 1
1622 0 27949#0 1
1622 0 27949#1 1
1623 0 104464#1 1
1624 0 1140366#0 1
1625 0 33780#0 1
1626 0 1455#3 1
1627 0 7686#1 1
1627 0 7686#11 1
1628 0 7238#2 1
1629 0 22912#38 1
1630 0 5106#1 1
1630 0 5106#23 1
1631 0 7686#72 1
1631 0 7686#1 1
1632 0 32808#0 1
1633 0 661#0 1
1634 0 429789#3 1
1635 0 12588#0 1
1636 0 7207#7 1
1637 0 2378289#0 1
1638 0 39458#0 1
1638 0 39458#4 1
1639 0 13834#14 1
1640 0 310927#1 1
1640 0 310927#2 1
1641 0 7686#24 1
1642 0 9521#0 1
1643 0 7686#2 1
1643 0 7686#69 1
1644 0 5973#0 1
1645 0 6680#0 1
1646 0 26760#1 1
1647 0 5106#18 1
1648 0 34765#0 1
1649 0 188049#0 1
1650 0 269598#0 1
1651 0 287800#0 1
1652 0 11032#0 1
1653 0 610528#0 1
1654 0 719487#7 1
1655 0 522400#2 1
1656 0 130157#1 1
1657 0 240316#7 1
1658 0 216123#0 1
1658 0 216123#142 1
1659 0 383583#5 1
1660 0 321085#0 1
1661 0 43764#0 1
1662 0 63929#3 1
1663 0 867791#1 1
1664 0 12462#0 1
1665 0 218247#8 1
1666 0 1335599#0 1
1667 0 32739#0 1
1668 0 11019#0 1
1669 0 27949#1 1
1670 0 128691#0 1
1671 0 867322#0 1
1672 0 510741#0 1
1673 0 38538#0 1
1674 0 205885#1 1
1675 0 99207#1 1
1675 0 99207#15 1
1676 0 6608#0 1
1677 0 416142#0 1
1678 0 14277#7 1
1679 0 406783#1 1
1680 0 1500414#0 1
1681 0 438508#0 1
1682 0 30512#4 1
1683 0 13208#2 1
1684 0 6766#2 1
1685 0 377457#0 1
1686 0 1464#0 1
1687 0 9158#0 1
1688 0 5674#0 1
1689 0 31707#3 1
1690 0 147137#0 1
1691 0 57117#3 1
1692 0 724291#3 1
1693 0 103385#1 1
1694 0 679797#0 1
1695 0 216123#24 1
1695 0 216123#1 1
1696 0 618203#0 1
1697 0 349539#0 1
1698 0 5200#0 1
1699 0 1140366#2 1
1700 0 26554#8 1
1701 0 6194#1 1
1702 0 65472#3 1
1703 0 1409#3 1
1704 0 1395816#0 1
1705 0 11122#0 1
1706 0 661#11 1
1707 0 3966#23 1
1708 0 126854#6 1
1709 0 10781#1 1
1709 0 10781#2 1
1710 0 7207#3 1
1711 0 27949#1 1
1712 0 6680#0 1
1713 0 95910#0 1
1713 0 95910#1 1
1714 0 351085#0 1
1715 0 93703#0 1
1716 0 12658#0 1
1717 0 20654#0 1
1718 0 47029#0 1
1719 0 177879#0 1
1719 0 177879#2 1
1720 0 1080875#4 1
1721 0 11019#0 1
1721 0 11019#3 1
1722 0 5200#0 1
1723 0 5106#40 1
1723 0 5106#23 1
1723 0 5106#47 1
1724 0 49475#0 1
1725 0 39458#0 1
1726 0 6608#0 1
1727 0 4971#3 1
1728 0 5186#8 1
1729 0 315806#7 1
1730 0 106097#0 1
1731 0 867791#2 1
1732 0 173227#2 1
1733 0 29326#2 1
1734 0 34943#0 1
1735 0 160364#0 1
1736 0 102972#4 1
1737 0 349539#0 1
1738 0 86889#0 1
1739 0 817066#0 1
1740 0 38717#0 1
1741 0 11770#1 1
1742 0 5561#1 1
1743 0 2736#1 1
1744 0 38538#0 1
1745 0 109697#4 1
1746 0 1053471#1 1
1747 0 11022#0 1
1748 0 7020#9 1
1749 0 1002421#0 1
1750 0 98535#4 1
1751 0 32272#5 1
1752 0 486346#3 1
1753 0 1034643#0 1
1754 0 618203#22 1
1755 0 264015#0 1
1756 0 733283#4 1
1757 0 160114#2 1
1758 0 37874#2 1
1759 0 719#5 1
1760 0 65472#0 1
1761 0 6680#0 1
1761 0 6680#1 1
1761 0 6680#31 1
1762 0 71589#0 1
1763 0 704584#0 1
1764 0 11122#0 1
1765 0 6608#0 1
1766 0 216123#2 1
1767 0 249655#2 1
1767 0 249655#13 1
1768 0 121868#2 1
1769 0 218213#2 1
1770 0 39520#0 1
1770 0 39520#19 1
1771 0 315806#0 1
1772 0 32020#0 1
1773 0 29796#57 1
1773 0 29796#12 1
1774 0 130935#0 1
1775 0 7238#2 1
1776 0 149758#1 1
1777 0 23136#0 1
1778 0 12658#0 1
1779 0 11019#0 1
1780 0 38538#0 1
1781 0 127049#0 1
1781 0 127049#2 1
1782 0 8326#9 1
1782 0 8326#7 1
1783 0 708786#0 1
1784 0 7686#3 1
1785 0 40127#0 1
1786 0 38364#0 1
1787 0 1185344#11 1
1788 0 151306#1 1
1789 0 661#0 1
1790 0 155220#9 1
1791 0 6608#0 1
1792 0 110877#3 1
1793 0 14285#25 1
1794 0 1464#0 1
1795 0 1641909#3 1
1795 0 1641909#7 1
1796 0 35009#0 1
1797 0 85269#0 1
1798 0 67732#4 1
1799 0 119874#7 1
1800 0 416059#2 1
1801 0 159207#8 1
1802 0 75441#8 1
1803 0 63595#0 1
1804 0 56345#1 1
1804 0 56345#5 1
1805 0 32808#0 1
1806 0 719487#5 1
1807 0 361995#0 1
1808 0 365730#18 1
1808 0 365730#14 1
1809 0 9536#0 1
1810 0 249655#12 1
1811 0 218225#0 1
1812 0 71589#0 1
1813 0 6640#2 1
1814 0 679866#1 1
1815 0 773116#0 1
1816 0 6680#0 1
1817 0 14707#42 1
1817 0 14707#13 1
1818 0 9801#0 1
1819 0 2846#1 1
1819 0 2846#27 1
1820 0 7686#10 1
1820 0 7686#11 1
1821 0 218247#15 1
1822 0 101398#0 1
1823 0 43330#0 1
1824 0 112264#2 1
1825 0 115228#7 1
1826 0 6126#0 1
1827 0 111390#0 1
1828 0 29326#1 1
1829 0 812542#0 1
1830 0 308835#0 1
1831 0 243627#0 1
1832 0 43139#2 1
1833 0 661#0 1
1834 0 6608#16 1
1835 0 349539#0 1
1836 0 28256#0 1
1837 0 2028571#5 1
1838 0 218247#8 1
1839 0 63929#3 1
1840 0 34256#1 1
1841 0 342025#0 1
1842 0 888194#3 1
1843 0 22134#0 1
1844 0 128660#8 1
1845 0 155#0 1
1846 0 39677#15 1
1847 0 6680#0 1
1848 0 7686#15 1
1849 0 35009#5 1
1850 0 6608#0 1
1851 0 6608#8 1
1851 0 6608#2 1
1852 0 14277#0 1
1853 0 1464#1 1
1854 0 72519#2 1
1855 0 5106#1 1
1855 0 5106#23 1
1856 0 249655#13 1
1857 0 91870#2 1
1858 0 610528#0 1
1859 0 11005#5 1
1860 0 389#8 1
1860 0 389#42 1
1861 0 2846#10 1
1862 0 95072#0 1
1863 0 6608#28 1
1863 0 6608#69 1
1863 0 6608#111 1
1864 0 176859#3 1
1865 0 3587#7 1
1866 0 7039#0 1
1867 0 313253#0 1
1867 0 313253#1 1
1868 0 416142#2 1
1869 0 15597#1 1
1870 0 128691#0 1
1871 0 802382#1 1
1872 0 29495#0 1
1872 0 29495#2 1
1873 0 330051#1 1
1874 0 105436#1 1
1875 0 6640#1 1
1875 0 6640#22 1
1876 0 28256#0 1
1877 0 336248#1 1
1878 0 7027#13 1
1879 0 522400#3 1
1880 0 389#0 1
1881 0 216123#49 1
1881 0 216123#50 1
1881 0 216123#47 1
1882 0 258393#0 1
1883 0 2846#8 1
1883 0 2846#27 1
1884 0 134059#1 1
1884 0 134059#26 1
1885 0 29821#1 1
1886 0 603221#0 1
1887 0 39761#26 1
1887 0 39761#2 1
1888 0 66555#0 1
1889 0 44675#49 1
1889 0 44675#18 1
1890 0 610528#5 1
1891 0 11189#0 1
1892 0 203685#1 1
1893 0 5142#0 1
1894 0 29821#1 1
1895 0 7686#2 1
1896 0 105436#0 1
1897 0 216123#0 1
1898 0 63929#3 1
1899 0 322841#1 1
1900 0 581967#2 1
1901 0 1455#0 1
1902 0 13834#22 1
1902 0 13834#23 1
1903 0 41285#19 1
1904 0 98896#0 1
1905 0 14285#0 1
1905 0 14285#23 1
1906 0 157718#1 1
1907 0 114209#0 1
1908 0 155220#6 1
1909 0 1281126#0 1
1910 0 1590481#0 1
1911 0 285917#0 1
1912 0 614799#3 1
1913 0 383265#0 1
1914 0 11122#0 1
1915 0 9801#1 1
1915 0 9801#7 1
1916 0 1395816#0 1
1917 0 28256#0 1
1918 0 1464#0 1
1919 0 104858#20 1
1920 0 330051#1 1
1921 0 15923#0 1
1922 0 15998#0 1
1922 0 15998#3 1
1923 0 365730#20 1
1923 0 365730#14 1
1924 0 610528#2 1
1925 0 550410#1 1
1925 0 550410#2 1
1926 0 14277#7 1
1927 0 1418110#0 1
1928 0 34943#26 1
1929 0 29821#1 1
1930 0 63595#3 1
1931 0 83649#1 1
1932 0 71589#0 1
1933 0 26554#3 1
1934 0 68228#1 1
1935 0 34765#20 1
1935 0 34765#6 1
1936 0 43764#0 1
1937 0 13329#1 1
1938 0 187872#2 1
1939 0 9955#8 1
1939 0 9955#0 1
1940 0 88751#1 1
1941 0 855730#8 1
1941 0 855730#1 1
1942 0 9825#0 1
1943 0 277589#0 1
1944 0 11770#1 1
1945 0 121868#2 1
1946 0 2914#7 1
1947 0 48144#12 1
1948 0 106097#0 1
1949 0 6102#0 1
1950 0 118386#12 1
1951 0 128660#3 1
1952 0 9825#0 1
1953 0 15998#0 1
1953 0 15998#15 1
1954 0 610528#32 1
1954 0 610528#2 1
1955 0 26554#8 1
1956 0 195119#0 1
1957 0 113207#12 1
1957 0 113207#13 1
1957 0 113207#15 1
1958 0 20654#0 1
1959 0 780690#0 1
1960 0 124089#0 1
1961 0 13208#2 1
1962 0 98850#0 1
1963 0 39761#0 1
1964 0 269598#0 1
1965 0 67435#9 1
1966 0 41187#7 1
1967 0 39761#0 1
1968 0 29821#1 1
1969 0 15923#0 1
1970 0 6547#0 1
1971 0 6640#17 1
1971 0 6640#22 1
1972 0 224607#0 1
1972 0 224607#1 1
1973 0 68556#0 1
1973 0 68556#4 1
1974 0 216387#1 1
1975 0 224607#1 1
1976 0 345977#0 1
1977 0 603221#0 1
1978 0 15597#3 1
1979 0 108689#27 1
1980 0 610528#0 1
1980 0 610528#1 1
1981 0 195037#0 1
1982 0 43836#12 1
1983 0 13508#0 1
1984 0 5106#45 1
1984 0 5106#37 1
1985 0 319040#0 1
1986 0 187#0 1
1987 0 1760702#0 1
1988 0 1793996#0 1
1989 0 6680#4 1
1990 0 108964#2 1
1991 0 34943#27 1
1992 0 95743#0 1
1993 0 102094#8 1
1994 0 28256#0 1
1995 0 1464#0 1
1996 0 27949#0 1
1996 0 27949#1 1
1997 0 269604#3 1
1998 0 32020#0 1
1999 0 30512#0 1
2000 0 26554#8 1
2001 0 1797362#1 1
2002 0 48144#4 1
2003 0 68578#0 1
2004 0 43836#0 1
2005 0 389#0 1
2006 0 9267#0 1
2007 0 105436#0 1
2008 0 216123#1 1
2009 0 386775#0 1
2010 0 330051#30 1
2011 0 705420#1 1
2012 0 29495#0 1
2012 0 29495#14 1
2013 0 158028#0 1
2014 0 6680#0 1
2014 0 6680#81 1
2015 0 14285#0 1
2016 0 243022#0 1
2016 0 243022#37 1
2017 0 927455#0 1
2018 0 7686#10 1
