6148 0 6874#1 1
6149 0 4245#0 1
6150 0 696856#0 1
6151 0 118037#2 1
6152 0 323417#0 1
6153 0 103363#0 1
6154 0 67832#65 1
6155 0 50608#0 1
6156 0 44904#8 1
6157 0 17046#0 1
6158 0 4114#10 1
6159 0 1494873#0 1
6160 0 1386566#2 1
6161 0 12126#13 1
6161 0 12126#21 1
6162 0 1862976#0 1
6163 0 3628#2 1
6164 0 603978#18 1
6165 0 51081#0 1
6166 0 195866#0 1
6167 0 766443#2 1
6168 0 692014#3 1
6168 0 692014#13 1
6169 0 1437444#0 1
6170 0 69210#1 1
6171 0 1602192#0 1
6172 0 1429279#0 1
6173 0 2620247#0 1
6173 0 2620247#1 1
6173 0 2620247#6 1
6174 0 1195460#5 1
6175 0 1148#0 1
6176 0 2584817#0 1
6177 0 141718#0 1
6178 0 67660#0 1
6179 0 3214#3 1
6180 0 2403475#0 1
6181 0 1433622#0 1
6182 0 761414#2 1
6183 0 27596#1 1
6184 0 1072237#1 1
6185 0 1864629#0 1
6186 0 34497#42 1
6187 0 2835#92 1
6188 0 2494728#1 1
6189 0 1062558#0 1
6190 0 5414#0 1
6191 0 55573#5 1
6192 0 599834#0 1
6193 0 83518#22 1
6194 0 46116#0 1
6195 0 41280#0 1
6196 0 741127#1 1
6196 0 741127#3 1
6197 0 291414#1 1
6198 0 296653#0 1
6199 0 255186#0 1
6200 0 12063#30 1
6201 0 19761#1 1
6202 0 45826#3 1
6203 0 173631#1 1
6204 0 545959#9 1
6205 0 771231#16 1
6205 0 771231#4 1
6206 0 1110622#0 1
6207 0 208718#0 1
6208 0 2872#2 1
6209 0 21771#0 1
6210 0 110141#6 1
6211 0 2867#0 1
6212 0 54298#1 1
6213 0 103507#3 1
6214 0 29028#0 1
6214 0 29028#1 1
6215 0 225215#0 1
6216 0 294617#2 1
6217 0 157597#26 1
6218 0 4113#0 1
6219 0 2075509#0 1
6220 0 2371802#0 1
6221 0 270696#1 1
6222 0 1077407#2 1
6223 0 2397632#0 1
6223 0 2397632#3 1
6224 0 287640#1 1
6225 0 469539#0 1
6226 0 234980#3 1
6227 0 1386566#2 1
6228 0 1106759#0 1
6229 0 2442829#0 1
6229 0 2442829#4 1
6230 0 61406#1 1
6231 0 2374052#0 1
6232 0 75752#4 1
6233 0 1882738#0 1
6234 0 103371#0 1
6235 0 43619#3 1
6236 0 988968#6 1
6237 0 549025#6 1
6238 0 28084#0 1
6239 0 718#6 1
6240 0 2477245#25 1
6240 0 2477245#26 1
6241 0 62199#1 1
6241 0 62199#5 1
6241 0 62199#21 1
6242 0 2174972#0 1
6243 0 70567#5 1
6243 0 70567#6 1
6244 0 712524#0 1
6245 0 2402010#0 1
6246 0 2399500#0 1
6247 0 11685#0 1
6248 0 1737422#2 1
6249 0 504789#1 1
6250 0 25994#0 1
6251 0 364209#1 1
6251 0 364209#6 1
6252 0 824#0 1
6253 0 45826#27 1
6254 0 6983#0 1
6254 0 6983#12 1
6255 0 2130475#17 1
6256 0 223489#0 1
6256 0 223489#8 1
6256 0 223489#5 1
6257 0 187323#1 1
6258 0 635202#0 1
6259 0 4243#0 1
6260 0 16429#4 1
6261 0 687062#4 1
6262 0 1588612#1 1
6263 0 8287#2 1
6264 0 12561#1 1
6265 0 15617#4 1
6266 0 216276#3 1
6267 0 184332#0 1
6268 0 2388277#0 1
6269 0 532112#0 1
6270 0 1494868#8 1
6271 0 239935#1 1
6272 0 3306#1 1
6273 0 544031#2 1
6274 0 138829#0 1
6275 0 23369#2 1
6276 0 591985#0 1
6277 0 2617685#0 1
6278 0 413371#28 1
6279 0 9885#1 1
6280 0 67832#1 1
6280 0 67832#2 1
6281 0 19503#0 1
6282 0 152020#25 1
6283 0 238216#1 1
6284 0 2491637#0 1
6285 0 61755#0 1
6286 0 302033#0 1
6286 0 302033#3 1
6287 0 30778#2 1
6288 0 1419966#19 1
6289 0 23416#0 1
6290 0 149682#0 1
6291 0 455546#4 1
6291 0 455546#6 1
6292 0 76084#9 1
6293 0 1866823#0 1
6294 0 30685#17 1
6294 0 30685#20 1
6294 0 30685#13 1
6295 0 41473#3 1
6296 0 34497#2 1
6297 0 61406#2 1
6298 0 4245#0 1
6299 0 143628#0 1
6300 0 383418#0 1
6301 0 507406#6 1
6302 0 2485408#0 1
6302 0 2485408#6 1
6303 0 412256#5 1
6304 0 3855#1 1
6305 0 18398#0 1
6306 0 397453#0 1
6306 0 397453#3 1
6307 0 2086729#8 1
6308 0 678731#0 1
6309 0 500755#1 1
6310 0 4205#4 1
6311 0 1110179#0 1
6312 0 261614#1 1
6313 0 85325#0 1
6314 0 364209#14 1
6315 0 665764#0 1
6316 0 14431#16 1
6317 0 209099#0 1
6318 0 31776#0 1
6319 0 2650487#0 1
6319 0 2650487#1 1
6320 0 11399#1 1
6321 0 127795#0 1
6322 0 3549#1 1
6322 0 3549#23 1
6323 0 2549130#2 1
6324 0 968116#0 1
6325 0 244087#0 1
6326 0 965487#10 1
6327 0 836588#0 1
6328 0 15556#3 1
6329 0 546190#0 1
6330 0 9036#4 1
6331 0 12491#1 1
6332 0 2806#0 1
6333 0 2704525#3 1
6333 0 2704525#4 1
6334 0 155083#2 1
6335 0 2042882#0 1
6336 0 309216#0 1
6337 0 2562783#5 1
6338 0 42122#0 1
6339 0 63367#0 1
6340 0 45771#1 1
6341 0 208782#0 1
6342 0 70477#0 1
6343 0 2492867#8 1
6343 0 2492867#0 1
6344 0 338914#0 1
6345 0 247780#0 1
6346 0 1862351#2 1
6347 0 6093#0 1
6348 0 124762#19 1
6349 0 2975#0 1
6349 0 2975#1 1
6350 0 786711#15 1
6351 0 2639112#0 1
6352 0 689686#1 1
6352 0 689686#2 1
6353 0 1160556#14 1
6354 0 100052#0 1
6355 0 16733#1 1
6356 0 47466#0 1
6356 0 47466#3 1
6357 0 11255#0 1
6358 0 42425#9 1
6358 0 42425#2 1
6358 0 42425#30 1
6359 0 69112#0 1
6360 0 4514#7 1
6361 0 2592447#0 1
6362 0 2691318#0 1
6363 0 27770#0 1
6364 0 606802#9 1
6365 0 2462468#7 1
6366 0 2163885#9 1
6367 0 248362#2 1
6368 0 48198#0 1
6369 0 691440#10 1
6369 0 691440#13 1
6370 0 143711#2 1
6371 0 1669701#8 1
6371 0 1669701#1 1
6372 0 72423#2 1
6373 0 2387075#0 1
6374 0 47466#0 1
6374 0 47466#2 1
6375 0 21387#0 1
6376 0 1420155#8 1
6376 0 1420155#18 1
6376 0 1420155#3 1
6377 0 691533#1 1
6378 0 30122#1 1
6379 0 771#0 1
6380 0 101585#4 1
6381 0 9036#3 1
6382 0 138829#0 1
6383 0 103039#3 1
6384 0 22374#2 1
6385 0 43631#0 1
6386 0 49512#1 1
6387 0 14868#0 1
6388 0 26038#6 1
6389 0 18330#1 1
6390 0 249207#4 1
6391 0 2668070#0 1
6392 0 85310#122 1
6393 0 1669701#8 1
6393 0 1669701#0 1
6394 0 1491241#0 1
6395 0 1884913#0 1
6396 0 2716840#0 1
6397 0 237974#0 1
6398 0 202754#1 1
6399 0 138829#0 1
6400 0 2389495#1 1
6401 0 30685#0 1
6402 0 148835#16 1
6403 0 2051595#0 1
6403 0 2051595#1 1
6404 0 2936#0 1
6405 0 838529#0 1
6406 0 696856#0 1
6406 0 696856#1 1
6407 0 1879476#0 1
6408 0 608761#13 1
6409 0 62779#0 1
6410 0 103363#0 1
6411 0 48198#3 1
6412 0 454228#1 1
6413 0 62294#0 1
6414 0 13518#1 1
6415 0 32810#0 1
6416 0 4233#0 1
6417 0 1567563#0 1
6418 0 1081999#0 1
6419 0 290897#0 1
6420 0 103359#6 1
6421 0 903101#0 1
6422 0 48707#0 1
6423 0 220304#0 1
6424 0 1804268#1 1
6425 0 211391#0 1
6426 0 75573#0 1
6427 0 1442881#0 1
6428 0 27596#1 1
6429 0 196483#0 1
6430 0 778324#0 1
6431 0 140156#6 1
6432 0 116559#17 1
6433 0 36472#0 1
6434 0 5175#1 1
6435 0 2480126#2 1
6435 0 2480126#6 1
6436 0 250274#0 1
6436 0 250274#5 1
6437 0 15638#0 1
6438 0 903581#2 1
6439 0 395352#0 1
6440 0 6191#22 1
6441 0 8942#0 1
6442 0 1562974#1 1
6442 0 1562974#3 1
6443 0 36160#0 1
6443 0 36160#1 1
6444 0 607465#0 1
6444 0 607465#1 1
6445 0 337353#6 1
6446 0 271227#0 1
6447 0 1658438#0 1
6448 0 612812#3 1
6449 0 2478363#0 1
6450 0 442841#0 1
6451 0 184592#7 1
6452 0 232420#0 1
6453 0 890790#0 1
6454 0 1861216#0 1
6455 0 134674#0 1
6456 0 1884960#6 1
6457 0 314078#9 1
6458 0 316930#3 1
6459 0 2477348#0 1
6460 0 304007#0 1
6461 0 369683#0 1
6462 0 420656#0 1
6463 0 232420#0 1
6464 0 1695270#2 1
6465 0 786138#0 1
6466 0 10481#0 1
6466 0 10481#1 1
6467 0 293044#0 1
6468 0 110141#4 1
6469 0 460887#2 1
6470 0 964984#1 1
6471 0 2518810#4 1
6472 0 43604#0 1
6473 0 271276#3 1
6474 0 348043#0 1
6475 0 1419917#0 1
6476 0 230390#0 1
6477 0 55256#2 1
6478 0 62862#2 1
6478 0 62862#5 1
6479 0 28225#0 1
6480 0 727007#1 1
6481 0 838772#3 1
6482 0 753267#2 1
6483 0 45584#1 1
6484 0 2696761#1 1
6485 0 217761#0 1
6485 0 217761#1 1
6486 0 2872#1 1
6487 0 1860350#7 1
6488 0 21467#0 1
6489 0 1658438#0 1
6489 0 1658438#10 1
6490 0 1402696#4 1
6491 0 1064633#0 1
6492 0 988968#1 1
6493 0 225276#11 1
6494 0 1692133#0 1
6495 0 31807#0 1
6496 0 20259#0 1
6497 0 124570#0 1
6498 0 1098671#1 1
6498 0 1098671#12 1
6499 0 4332#0 1
6499 0 4332#1 1
6500 0 3542#0 1
6501 0 19503#0 1
6502 0 32571#0 1
6503 0 1862976#0 1
6504 0 1120844#1 1
6505 0 18547#1 1
6505 0 18547#5 1
6506 0 217761#1 1
6507 0 1860485#0 1
6508 0 251663#0 1
6508 0 251663#1 1
6509 0 251663#0 1
6510 0 14062#1 1
6511 0 413950#7 1
6512 0 1089482#1 1
6513 0 2142773#3 1
6513 0 2142773#12 1
6514 0 118293#5 1
6514 0 118293#7 1
6515 0 12574#5 1
6516 0 218351#0 1
6517 0 2867#0 1
6518 0 30159#5 1
6519 0 339799#2 1
6520 0 103363#3 1
6521 0 35582#0 1
6522 0 4501#0 1
6523 0 270781#1 1
6524 0 882328#8 1
6525 0 1491194#0 1
6526 0 1611679#0 1
6527 0 1630039#9 1
6528 0 2174972#12 1
6529 0 131861#0 1
6530 0 693515#0 1
6531 0 6503#0 1
6532 0 17663#0 1
6533 0 25974#7 1
6534 0 951286#1 1
6535 0 36262#0 1
6536 0 2523458#1 1
6537 0 100185#1 1
6538 0 10882#1 1
6539 0 1110332#0 1
6540 0 3306#1 1
6541 0 2489371#0 1
6541 0 2489371#1 1
6542 0 296668#0 1
6543 0 69430#8 1
6543 0 69430#4 1
6544 0 304007#1 1
6545 0 730#0 1
6546 0 552079#0 1
6547 0 75143#0 1
6548 0 983038#0 1
6549 0 831613#1 1
6549 0 831613#2 1
6550 0 133331#3 1
6551 0 1436321#0 1
6552 0 2104232#1 1
6553 0 10204#2 1
6554 0 10479#0 1
6555 0 867049#0 1
6556 0 443986#4 1
6557 0 983038#1 1
6558 0 2134917#0 1
6559 0 345125#6 1
6560 0 1686864#0 1
6561 0 600785#6 1
6562 0 25753#15 1
6563 0 2477348#0 1
6564 0 24091#0 1
6565 0 49010#0 1
6566 0 2545395#4 1
6567 0 106100#0 1
6568 0 433464#1 1
6569 0 1015755#0 1
6570 0 32310#2 1
6570 0 32310#6 1
6571 0 2389495#1 1
6572 0 2545395#1 1
6573 0 132781#3 1
6574 0 543298#0 1
6575 0 1038879#2 1
6576 0 1840656#0 1
6577 0 469539#0 1
6578 0 754605#4 1
6579 0 12126#0 1
6580 0 140158#0 1
6580 0 140158#2 1
6581 0 9547#30 1
6582 0 34577#1 1
6582 0 34577#2 1
6583 0 58213#1 1
6584 0 448156#2 1
6584 0 448156#7 1
6585 0 274593#2 1
6586 0 1469319#0 1
6587 0 25629#0 1
6587 0 25629#5 1
6588 0 1764426#0 1
6589 0 67670#0 1
6590 0 2686390#12 1
6591 0 11546#0 1
6592 0 2477348#0 1
6593 0 57116#2 1
6594 0 1421869#3 1
6595 0 1476379#3 1
6596 0 67660#1 1
6596 0 67660#3 1
6597 0 67926#0 1
6598 0 18249#0 1
6599 0 14717#0 1
6600 0 1553180#0 1
6601 0 544031#0 1
6602 0 148548#1 1
6602 0 148548#7 1
6603 0 1002085#7 1
6604 0 57124#12 1
6605 0 1860485#0 1
6606 0 789#1 1
6607 0 38588#1 1
6608 0 1464399#16 1
6609 0 285843#2 1
6610 0 21282#1 1
6611 0 4684#4 1
6612 0 43417#0 1
6613 0 4136#17 1
6614 0 1064861#2 1
6615 0 1193858#0 1
6616 0 48549#0 1
6617 0 5117#5 1
6618 0 265666#0 1
6619 0 2132608#6 1
6620 0 125767#0 1
6621 0 14584#0 1
6622 0 405354#0 1
6623 0 10708#19 1
6624 0 607824#7 1
6625 0 2130475#1 1
6626 0 229168#0 1
6627 0 124762#19 1
6628 0 786969#9 1
6629 0 1848128#0 1
6630 0 184592#1 1
6630 0 184592#3 1
6631 0 2615181#6 1
6631 0 2615181#7 1
6632 0 13296#0 1
6633 0 693125#0 1
6634 0 42425#3 1
6635 0 3214#3 1
6636 0 1846146#0 1
6637 0 211391#2 1
6638 0 264296#1 1
6639 0 2173827#0 1
6640 0 67926#0 1
6641 0 665617#0 1
6641 0 665617#2 1
6642 0 15637#4 1
6643 0 196740#0 1
6643 0 196740#19 1
6644 0 286487#0 1
6645 0 10481#1 1
6646 0 549064#1 1
6647 0 293044#0 1
6648 0 6684#0 1
6649 0 285856#0 1
6650 0 12085#0 1
6651 0 1672780#0 1
6652 0 12838#1 1
6653 0 30238#0 1
6654 0 2466858#0 1
6655 0 1084292#8 1
6656 0 442841#0 1
6656 0 442841#4 1
6657 0 41205#25 1
6657 0 41205#4 1
6658 0 4437#0 1
6659 0 1851251#2 1
6660 0 78878#2 1
6661 0 226263#0 1
6662 0 4408#54 1
6663 0 907493#8 1
6664 0 35250#0 1
6665 0 1673783#2 1
6666 0 696584#1 1
6666 0 696584#9 1
6667 0 45663#0 1
6668 0 1132786#2 1
6669 0 232580#0 1
6670 0 40073#4 1
6671 0 4526#13 1
6672 0 34240#2 1
6673 0 5133#0 1
6674 0 143247#5 1
6675 0 1060167#0 1
6676 0 91216#0 1
6677 0 203173#0 1
6678 0 413371#22 1
6679 0 1800212#0 1
6680 0 968971#17 1
6680 0 968971#6 1
6681 0 14431#2 1
6682 0 1080164#1 1
6682 0 1080164#3 1
6683 0 13190#1 1
6684 0 11546#0 1
6684 0 11546#18 1
6685 0 24686#8 1
6685 0 24686#1 1
6686 0 18553#0 1
6687 0 1172858#4 1
6688 0 235414#5 1
6689 0 442841#0 1
6690 0 227391#16 1
6691 0 696856#0 1
6691 0 696856#6 1
6692 0 18249#0 1
6693 0 28278#0 1
6694 0 36623#11 1
6695 0 284416#0 1
6696 0 96235#9 1
6697 0 12126#21 1
6698 0 24091#0 1
6699 0 982757#1 1
6700 0 282558#0 1
6700 0 282558#1 1
6701 0 2573573#0 1
6701 0 2573573#1 1
6702 0 285042#0 1
6703 0 121622#0 1
6704 0 45232#0 1
6705 0 47186#7 1
6706 0 317484#0 1
6707 0 759640#0 1
6708 0 2397554#0 1
6709 0 69430#0 1
6709 0 69430#3 1
6710 0 4464#0 1
6711 0 2129422#0 1
6712 0 47053#1 1
6712 0 47053#2 1
6713 0 346163#0 1
6714 0 1113337#0 1
6715 0 2502368#0 1
6716 0 33694#1 1
6717 0 43628#7 1
6718 0 28278#0 1
6719 0 1058931#52 1
6720 0 2055333#0 1
6720 0 2055333#1 1
6721 0 732082#0 1
6722 0 298506#7 1
6723 0 81711#0 1
6724 0 270781#0 1
6725 0 1173292#5 1
6726 0 853328#1 1
6727 0 15305#5 1
6728 0 2516268#0 1
6729 0 5133#0 1
6730 0 258296#0 1
6731 0 24686#12 1
6731 0 24686#15 1
6732 0 118770#1 1
6733 0 1642378#1 1
6733 0 1642378#20 1
6734 0 34497#2 1
6735 0 7321#0 1
6735 0 7321#6 1
6736 0 1611224#10 1
6737 0 988968#0 1
6738 0 3118#0 1
6738 0 3118#1 1
6739 0 5924#0 1
6739 0 5924#7 1
6740 0 998955#1 1
6741 0 3800#3 1
6741 0 3800#59 1
6742 0 1120844#1 1
6743 0 4966#0 1
6744 0 4025#1 1
6745 0 1747844#0 1
6746 0 2055333#1 1
6747 0 135385#0 1
6748 0 1568642#0 1
6748 0 1568642#10 1
6749 0 573445#1 1
6749 0 573445#4 1
6750 0 328335#1 1
6751 0 887019#0 1
6751 0 887019#9 1
6752 0 36693#0 1
6753 0 54038#0 1
6754 0 1469415#2 1
6755 0 20308#0 1
6756 0 466452#1 1
6757 0 1065391#4 1
6758 0 270781#0 1
6759 0 317484#0 1
6760 0 23708#0 1
6761 0 141166#0 1
6761 0 141166#3 1
6761 0 141166#7 1
6762 0 68199#0 1
6763 0 3549#0 1
6763 0 3549#13 1
6764 0 2070360#0 1
6765 0 1587806#0 1
6765 0 1587806#1 1
6766 0 2716775#0 1
6767 0 45650#0 1
6767 0 45650#2 1
6768 0 1103168#1 1
6769 0 196018#0 1
6770 0 29492#0 1
6771 0 245517#0 1
6772 0 4400#0 1
6773 0 18232#0 1
6774 0 367306#0 1
6774 0 367306#1 1
6775 0 4535#4 1
6776 0 9547#0 1
6776 0 9547#3 1
6777 0 1759924#4 1
6778 0 1673825#0 1
6779 0 339799#0 1
6780 0 1095734#0 1
6781 0 1072671#0 1
6782 0 831613#0 1
6782 0 831613#2 1
6783 0 57699#0 1
6784 0 13518#0 1
6785 0 83674#0 1
6786 0 1107637#1 1
6787 0 443247#1 1
6788 0 272691#3 1
6789 0 552657#1 1
6789 0 552657#2 1
6790 0 14865#17 1
6790 0 14865#3 1
6791 0 395352#0 1
6791 0 395352#1 1
6792 0 31220#3 1
6793 0 138754#0 1
6794 0 36366#3 1
6795 0 838965#1 1
6795 0 838965#5 1
6795 0 838965#6 1
6796 0 2562783#10 1
6797 0 3945#0 1
6797 0 3945#18 1
6798 0 5519#0 1
6799 0 141166#0 1
6800 0 539368#0 1
6801 0 12777#0 1
6802 0 403192#0 1
6803 0 4474#0 1
6804 0 1048738#0 1
6805 0 2346765#0 1
6806 0 75813#0 1
6807 0 1723420#3 1
6808 0 286487#0 1
6809 0 157597#0 1
6810 0 1476052#8 1
6811 0 2936#0 1
6812 0 3244#2 1
6813 0 33490#0 1
6814 0 143711#2 1
6815 0 1543507#4 1
6816 0 1675743#7 1
6817 0 714483#0 1
6818 0 290992#1 1
6819 0 253829#1 1
6820 0 418699#0 1
6821 0 1083047#0 1
6822 0 24299#0 1
6823 0 250977#0 1
6824 0 1745889#0 1
6825 0 1121901#2 1
6826 0 2731835#0 1
6827 0 7018#6 1
6828 0 953849#7 1
6829 0 2393547#0 1
6829 0 2393547#3 1
6830 0 11255#0 1
6831 0 1569596#0 1
6832 0 45902#2 1
6833 0 2668070#9 1
6834 0 12085#0 1
6834 0 12085#2 1
6835 0 7321#0 1
6836 0 226334#0 1
6837 0 46116#0 1
6838 0 208510#0 1
6839 0 152020#1 1
6840 0 818440#0 1
6841 0 2060837#0 1
6841 0 2060837#2 1
6842 0 35250#0 1
6842 0 35250#14 1
6843 0 1862976#0 1
6844 0 124111#4 1
6845 0 1439730#0 1
6845 0 1439730#9 1
6846 0 2477245#7 1
6847 0 2936#0 1
6848 0 39124#0 1
6849 0 963015#2 1
6849 0 963015#5 1
6850 0 63405#0 1
6851 0 525454#5 1
6852 0 302736#0 1
6853 0 4463#0 1
6854 0 35250#0 1
6855 0 738197#4 1
6856 0 552852#0 1
6857 0 49350#1 1
6858 0 351218#0 1
6859 0 1640082#0 1
6860 0 4271#6 1
6861 0 12075#0 1
6862 0 6463#3 1
6863 0 1497582#0 1
6864 0 6459#26 1
6865 0 217650#0 1
6865 0 217650#3 1
6866 0 753267#2 1
6867 0 3800#3 1
6868 0 1078382#29 1
6869 0 25995#1 1
6870 0 323575#0 1
6871 0 395250#3 1
6872 0 1833726#0 1
6872 0 1833726#2 1
6873 0 823520#1 1
6874 0 1838937#0 1
6875 0 2405478#0 1
6876 0 2378690#1 1
6877 0 12525#3 1
6878 0 11431#0 1
6879 0 237974#1 1
6880 0 414810#6 1
6881 0 305588#0 1
6881 0 305588#5 1
6882 0 17663#38 1
6883 0 1480355#1 1
6883 0 1480355#2 1
6884 0 2385560#11 1
6885 0 30159#2 1
6885 0 30159#5 1
6886 0 226334#5 1
6887 0 5133#0 1
6887 0 5133#2 1
6888 0 375268#1 1
6889 0 457513#28 1
6890 0 2402861#16 1
6890 0 2402861#15 1
6891 0 181185#1 1
6892 0 15898#2 1
6893 0 235426#4 1
6894 0 1132786#2 1
6895 0 2149240#0 1
6895 0 2149240#2 1
6895 0 2149240#12 1
6896 0 2727183#1 1
6897 0 35103#0 1
6898 0 17229#1 1
6899 0 159791#0 1
6900 0 30279#0 1
6901 0 2495725#2 1
6902 0 4651#0 1
6903 0 451802#0 1
6903 0 451802#1 1
6904 0 2596729#0 1
6905 0 11457#7 1
6906 0 4245#0 1
6907 0 289654#0 1
6908 0 12492#1 1
6909 0 47655#0 1
6910 0 2089425#0 1
6911 0 1833529#8 1
6912 0 256830#0 1
6913 0 12121#3 1
6914 0 34577#2 1
6915 0 211490#8 1
6915 0 211490#1 1
6916 0 103299#0 1
6917 0 227387#0 1
6918 0 45795#9 1
6919 0 100185#1 1
6920 0 143676#0 1
6921 0 102234#0 1
6922 0 231343#3 1
6923 0 786159#0 1
6924 0 2548181#1 1
6925 0 64722#28 1
6925 0 64722#23 1
6926 0 271227#0 1
6927 0 62294#0 1
6928 0 145790#1 1
6929 0 128674#7 1
6930 0 2462158#3 1
6931 0 1824565#0 1
6932 0 2620627#0 1
6933 0 707428#1 1
6934 0 2088485#0 1
6934 0 2088485#1 1
6935 0 27236#0 1
6936 0 2620627#3 1
6937 0 274074#20 1
6938 0 1743866#0 1
6939 0 665617#0 1
6940 0 82685#7 1
6941 0 3674#0 1
6942 0 124610#63 1
6943 0 2142741#17 1
6944 0 302491#2 1
6945 0 34577#1 1
6945 0 34577#2 1
6946 0 92462#0 1
6947 0 4233#0 1
6948 0 40391#22 1
6949 0 290992#4 1
6950 0 966449#1 1
6951 0 2485387#3 1
6951 0 2485387#6 1
6952 0 1108520#9 1
6952 0 1108520#12 1
6953 0 1677507#8 1
6954 0 25629#0 1
6955 0 305588#14 1
6956 0 46305#0 1
6957 0 1680113#6 1
6958 0 1839739#0 1
6959 0 201921#0 1
6960 0 8341#0 1
6961 0 2599208#0 1
6961 0 2599208#1 1
6962 0 375756#0 1
6963 0 2616316#12 1
6964 0 11613#31 1
6965 0 523333#0 1
6966 0 4474#36 1
6967 0 85193#0 1
6968 0 351008#1 1
6968 0 351008#10 1
6969 0 45584#1 1
6970 0 2650487#0 1
6971 0 1013646#3 1
6972 0 2689175#2 1
6973 0 413371#21 1
6973 0 413371#22 1
6974 0 302033#0 1
6974 0 302033#3 1
6975 0 2429271#7 1
6976 0 413950#0 1
