4131 0 4203#14 1
4132 0 383828#1 1
4133 0 70522#0 1
4134 0 23316#1 1
4135 0 152611#0 1
4136 0 103462#0 1
4136 0 103462#5 1
4137 0 13089#0 1
4138 0 681295#4 1
4139 0 614750#1 1
4140 0 425633#0 1
4141 0 6522#0 1
4141 0 6522#1 1
4142 0 314369#0 1
4143 0 871814#9 1
4143 0 871814#4 1
4144 0 184482#0 1
4144 0 184482#5 1
4145 0 237761#3 1
4146 0 328952#0 1
4147 0 8823#0 1
4148 0 103574#0 1
4149 0 83434#0 1
4150 0 42764#1 1
4151 0 819909#0 1
4152 0 1743#0 1
4153 0 710618#0 1
4154 0 6450#0 1
4155 0 2795#1 1
4155 0 2795#4 1
4156 0 44422#1 1
4157 0 852920#0 1
4158 0 7747#2 1
4158 0 7747#15 1
4159 0 348526#4 1
4160 0 357769#0 1
4161 0 10812#0 1
4162 0 3730#0 1
4163 0 425633#0 1
4164 0 70063#0 1
4164 0 70063#2 1
4165 0 232366#1 1
4165 0 232366#5 1
4166 0 911215#16 1
4167 0 53777#0 1
4168 0 21984#0 1
4169 0 609820#1 1
4170 0 115966#0 1
4171 0 25191#6 1
4172 0 974481#8 1
4172 0 974481#7 1
4173 0 48667#0 1
4174 0 490627#0 1
4174 0 490627#2 1
4175 0 538730#1 1
4176 0 20722#1 1
4177 0 274307#0 1
4178 0 643758#1 1
4179 0 933967#1 1
4180 0 255028#1 1
4181 0 6471#0 1
4182 0 144950#0 1
4183 0 87656#0 1
4184 0 72768#1 1
4185 0 17185#2 1
4186 0 41367#0 1
4187 0 49088#0 1
4188 0 53848#6 1
4189 0 560117#2 1
4190 0 377065#1 1
4191 0 628378#0 1
4192 0 36822#11 1
4193 0 301212#0 1
4194 0 480554#0 1
4194 0 480554#1 1
4195 0 298562#3 1
4196 0 254174#3 1
4197 0 463789#0 1
4197 0 463789#10 1
4197 0 463789#4 1
4198 0 362249#0 1
4199 0 8342#0 1
4200 0 680870#6 1
4201 0 5513#0 1
4201 0 5513#1 1
4202 0 103369#1 1
4203 0 126328#1 1
4204 0 298258#0 1
4205 0 665038#0 1
4206 0 70063#0 1
4206 0 70063#2 1
4207 0 68552#0 1
4207 0 68552#11 1
4208 0 550025#0 1
4209 0 260680#3 1
4210 0 1743#48 1
4210 0 1743#6 1
4211 0 303584#1 1
4212 0 50690#3 1
4213 0 10189#1 1
4214 0 863635#1 1
4215 0 405442#0 1
4215 0 405442#82 1
4216 0 593795#1 1
4217 0 6450#1 1
4218 0 8231#0 1
4219 0 65161#0 1
4220 0 40236#0 1
4221 0 418420#0 1
4221 0 418420#1 1
4222 0 25437#3 1
4223 0 780398#1 1
4224 0 238237#0 1
4224 0 238237#1 1
4225 0 43998#1 1
4225 0 43998#11 1
4226 0 103746#0 1
4227 0 100759#0 1
4228 0 55588#0 1
4228 0 55588#3 1
4229 0 128245#0 1
4230 0 3026#2 1
4231 0 221982#0 1
4232 0 19587#0 1
4233 0 112811#5 1
4234 0 12187#0 1
4235 0 140207#2 1
4236 0 429646#0 1
4237 0 221258#1 1
4238 0 368486#4 1
4239 0 302854#1 1
4240 0 194333#1 1
4241 0 23803#2 1
4242 0 781987#0 1
4242 0 781987#2 1
4243 0 776#0 1
4244 0 178691#3 1
4245 0 5605#1 1
4246 0 649845#0 1
4247 0 227073#0 1
4248 0 232621#5 1
4249 0 122481#0 1
4250 0 142889#7 1
4251 0 863635#1 1
4252 0 454983#0 1
4253 0 357474#0 1
4254 0 8231#2 1
4255 0 725582#0 1
4256 0 103553#0 1
4257 0 45667#0 1
4258 0 730969#1 1
4259 0 879421#0 1
4260 0 257649#3 1
4261 0 24465#2 1
4261 0 24465#23 1
4262 0 872670#0 1
4263 0 931571#0 1
4264 0 355975#0 1
4265 0 24826#0 1
4265 0 24826#2 1
4266 0 900162#0 1
4266 0 900162#2 1
4267 0 6522#10 1
4268 0 12651#1 1
4268 0 12651#2 1
4268 0 12651#3 1
4269 0 43785#0 1
4270 0 705453#0 1
4271 0 206442#7 1
4272 0 271439#5 1
4273 0 80354#11 1
4274 0 241344#3 1
4275 0 356683#0 1
4276 0 840966#2 1
4277 0 628042#4 1
4277 0 628042#6 1
4278 0 350584#1 1
4279 0 32366#0 1
4280 0 43808#0 1
4281 0 7853#0 1
4282 0 19516#0 1
4283 0 53848#1 1
4284 0 23130#0 1
4285 0 27475#6 1
4286 0 824838#1 1
4287 0 539795#0 1
4288 0 191460#1 1
4289 0 2069#1 1
4289 0 2069#2 1
4290 0 349654#2 1
4291 0 76481#0 1
4292 0 622410#1 1
4293 0 399784#0 1
4294 0 124910#0 1
4295 0 8604#1 1
4296 0 888284#0 1
4297 0 34380#0 1
4297 0 34380#2 1
4298 0 97926#0 1
4299 0 658464#0 1
4300 0 311395#0 1
4301 0 13825#3 1
4302 0 436043#0 1
4303 0 4801#0 1
4303 0 4801#2 1
4304 0 200106#3 1
4305 0 42942#0 1
4306 0 537713#2 1
4307 0 407936#0 1
4308 0 56283#0 1
4309 0 290234#2 1
4310 0 447522#0 1
4311 0 158148#0 1
4312 0 478683#0 1
4313 0 170932#0 1
4314 0 22138#1 1
4315 0 19516#3 1
4316 0 41587#0 1
4317 0 258888#1 1
4318 0 52894#1 1
4319 0 123382#1 1
4320 0 144950#1 1
4321 0 97959#0 1
4322 0 49829#0 1
4323 0 610788#0 1
4323 0 610788#1 1
4324 0 108346#2 1
4324 0 108346#3 1
4325 0 382718#0 1
4326 0 40388#0 1
4327 0 3644#1 1
4328 0 318904#1 1
4329 0 730473#0 1
4330 0 43808#0 1
4331 0 5229#0 1
4332 0 48095#0 1
4332 0 48095#1 1
4333 0 573712#2 1
4334 0 151188#0 1
4334 0 151188#5 1
4335 0 214327#0 1
4335 0 214327#1 1
4336 0 315386#6 1
4337 0 618567#2 1
4338 0 42321#1 1
4339 0 85692#10 1
4340 0 306210#1 1
4341 0 56255#13 1
4342 0 18644#1 1
4343 0 104357#10 1
4343 0 104357#23 1
4344 0 72768#1 1
4345 0 28101#1 1
4346 0 149214#0 1
4347 0 113093#0 1
4348 0 637774#3 1
4349 0 445402#0 1
4349 0 445402#14 1
4350 0 27195#0 1
4351 0 469891#1 1
4352 0 859367#0 1
4353 0 51672#9 1
4353 0 51672#6 1
4354 0 346424#2 1
4355 0 870021#0 1
4356 0 331560#4 1
4356 0 331560#30 1
4357 0 775692#1 1
4358 0 10556#1 1
4359 0 763900#2 1
4360 0 53330#0 1
4361 0 86783#0 1
4361 0 86783#1 1
4361 0 86783#6 1
4362 0 45219#6 1
4363 0 17145#4 1
4364 0 871814#0 1
4364 0 871814#9 1
4365 0 936012#9 1
4366 0 12914#0 1
4367 0 11559#0 1
4368 0 49829#0 1
4368 0 49829#1 1
4369 0 77564#1 1
4370 0 639724#6 1
4371 0 47484#2 1
4372 0 8199#1 1
4373 0 108346#2 1
4374 0 197981#0 1
4375 0 383828#1 1
4376 0 9169#2 1
4377 0 208587#0 1
4378 0 11296#4 1
4379 0 103210#3 1
4380 0 12481#4 1
4381 0 154008#0 1
4382 0 57690#1 1
4383 0 350584#0 1
4383 0 350584#2 1
4384 0 260680#3 1
4385 0 338633#2 1
4386 0 5099#2 1
4387 0 465905#0 1
4388 0 13089#1 1
4389 0 736369#3 1
4390 0 103746#0 1
4391 0 67029#0 1
4392 0 64218#14 1
4393 0 271439#0 1
4393 0 271439#3 1
4394 0 350108#0 1
4395 0 776#0 1
4396 0 419002#0 1
4397 0 51262#0 1
4397 0 51262#1 1
4398 0 41331#3 1
4399 0 51896#0 1
4400 0 12227#2 1
4401 0 53751#0 1
4402 0 519451#3 1
4403 0 263409#0 1
4404 0 344437#0 1
4405 0 566499#0 1
4406 0 6450#1 1
4407 0 177551#0 1
4408 0 32408#0 1
4409 0 238237#0 1
4410 0 49829#0 1
4411 0 12104#0 1
4412 0 11847#13 1
4413 0 139686#59 1
4413 0 139686#4 1
4414 0 568311#3 1
4415 0 25292#0 1
4416 0 237474#6 1
4417 0 36559#0 1
4418 0 628042#4 1
4419 0 190038#0 1
4419 0 190038#4 1
4420 0 17455#1 1
4421 0 143512#0 1
4421 0 143512#5 1
4422 0 47480#1 1
4423 0 12431#0 1
4424 0 469891#2 1
4425 0 32949#0 1
4426 0 123382#0 1
4426 0 123382#1 1
4427 0 865779#1 1
4428 0 184688#1 1
4429 0 6745#6 1
4430 0 156354#0 1
4432 0 59112#2 1
4433 0 537713#2 1
4434 0 372131#0 1
4435 0 498015#0 1
4436 0 442217#0 1
4437 0 909245#0 1
4438 0 4421#0 1
4439 0 51262#0 1
4440 0 78680#0 1
4441 0 61177#0 1
4442 0 5255#0 1
4443 0 629506#0 1
4444 0 720574#4 1
4445 0 7860#13 1
4446 0 210519#1 1
4447 0 131058#0 1
4448 0 331037#1 1
4449 0 13433#1 1
4450 0 709593#2 1
4451 0 51672#6 1
4452 0 192222#0 1
4452 0 192222#2 1
4453 0 142889#7 1
4454 0 171942#0 1
4454 0 171942#1 1
4455 0 69032#0 1
4456 0 20267#5 1
4457 0 933967#5 1
4458 0 26351#3 1
4459 0 8771#7 1
4460 0 122297#2 1
4461 0 23316#0 1
4462 0 196276#0 1
4463 0 419002#2 1
4464 0 366042#6 1
4465 0 76360#0 1
4466 0 108339#0 1
4467 0 66628#0 1
4468 0 271437#0 1
4469 0 5646#0 1
4470 0 833206#1 1
4471 0 155223#3 1
4472 0 810157#0 1
4473 0 91726#1 1
4473 0 91726#2 1
4474 0 395828#0 1
4474 0 395828#4 1
4475 0 97985#0 1
4476 0 85653#0 1
4477 0 665703#0 1
4478 0 192335#0 1
4479 0 632432#1 1
4480 0 17018#6 1
4481 0 64491#1 1
4482 0 72768#1 1
4483 0 645914#1 1
4484 0 901801#0 1
4485 0 211131#0 1
4486 0 232366#1 1
4486 0 232366#7 1
4487 0 674950#0 1
4487 0 674950#1 1
4488 0 182436#0 1
4489 0 6239#1 1
4490 0 1974#4 1
4491 0 922792#0 1
4491 0 922792#1 1
4492 0 368486#0 1
4493 0 139506#1 1
4494 0 601935#1 1
4495 0 140859#0 1
4496 0 382718#0 1
4497 0 283291#0 1
4498 0 12481#0 1
4499 0 4186#0 1
4499 0 4186#2 1
4500 0 35813#0 1
4501 0 60585#0 1
4502 0 95098#0 1
4503 0 41989#6 1
4504 0 444942#0 1
4505 0 6858#0 1
4506 0 4186#0 1
4507 0 47484#2 1
4508 0 3026#0 1
4509 0 891420#3 1
4510 0 568199#0 1
4511 0 3026#0 1
4512 0 152611#0 1
4513 0 86461#2 1
4514 0 579220#2 1
4515 0 37954#0 1
4516 0 152109#2 1
4517 0 474650#5 1
4518 0 553887#0 1
4519 0 85692#0 1
4519 0 85692#5 1
4520 0 171942#2 1
4521 0 208935#1 1
4522 0 174845#0 1
4522 0 174845#46 1
4523 0 408688#1 1
4524 0 229166#7 1
4525 0 22379#0 1
4526 0 17119#0 1
4527 0 5255#1 1
4527 0 5255#2 1
4528 0 2969#1 1
4529 0 287039#0 1
4530 0 190038#4 1
4531 0 117223#0 1
4532 0 45219#3 1
4533 0 759614#1 1
4534 0 78994#25 1
4534 0 78994#2 1
4535 0 20780#1 1
4536 0 154146#0 1
4537 0 46192#3 1
4538 0 45397#0 1
4539 0 12104#3 1
4540 0 495372#4 1
4541 0 65923#3 1
4542 0 85692#10 1
4543 0 112394#0 1
4544 0 926387#12 1
4545 0 133828#0 1
4546 0 154396#3 1
4547 0 350584#0 1
4548 0 50092#8 1
4548 0 50092#5 1
4549 0 190450#0 1
4550 0 169802#0 1
4551 0 14936#1 1
4552 0 326269#1 1
4553 0 298562#0 1
4554 0 8795#0 1
4555 0 232621#7 1
4556 0 256728#0 1
4557 0 2250#7 1
4558 0 112685#1 1
4558 0 112685#17 1
4559 0 10994#2 1
4560 0 5099#2 1
4561 0 815796#1 1
4562 0 780336#1 1
4563 0 32366#1 1
4563 0 32366#6 1
4564 0 553821#0 1
4564 0 553821#1 1
4565 0 10347#1 1
4566 0 418420#1 1
4567 0 192222#7 1
4568 0 4186#0 1
4568 0 4186#1 1
4569 0 126328#1 1
4570 0 303850#0 1
4571 0 22443#0 1
4572 0 372858#2 1
4573 0 382718#0 1
4573 0 382718#1 1
4574 0 36559#0 1
4575 0 65274#0 1
4576 0 24465#1 1
4577 0 520092#0 1
4578 0 40864#0 1
4579 0 44422#1 1
4579 0 44422#2 1
4580 0 138447#0 1
4581 0 10649#0 1
4582 0 681295#0 1
4583 0 780702#1 1
4584 0 573712#1 1
4585 0 58246#0 1
4586 0 521497#1 1
4587 0 964332#0 1
4588 0 320998#5 1
4589 0 4856#0 1
4590 0 568311#4 1
4591 0 34084#0 1
4592 0 51262#19 1
4592 0 51262#18 1
4592 0 51262#3 1
4593 0 184688#0 1
4594 0 32366#1 1
4595 0 253629#3 1
4596 0 14227#1 1
4596 0 14227#3 1
4597 0 32366#2 1
4598 0 806402#0 1
4599 0 283925#0 1
4599 0 283925#9 1
4600 0 143107#0 1
4600 0 143107#2 1
4601 0 17455#2 1
4602 0 827#0 1
4602 0 827#2 1
4603 0 852069#0 1
4604 0 141190#27 1
4605 0 48982#6 1
4606 0 49829#0 1
4607 0 45188#0 1
4608 0 5801#5 1
4609 0 783074#1 1
4610 0 58619#0 1
4611 0 76360#0 1
4612 0 8000#2 1
4613 0 32647#2 1
4613 0 32647#6 1
4614 0 8796#0 1
4615 0 36428#0 1
4616 0 97965#0 1
4617 0 485119#2 1
4618 0 732403#0 1
4619 0 320426#0 1
4620 0 394350#4 1
4621 0 66671#0 1
4622 0 170932#0 1
4623 0 43434#0 1
4624 0 5031#9 1
4625 0 10579#1 1
4625 0 10579#3 1
4626 0 478165#1 1
4627 0 13653#0 1
4628 0 11905#2 1
4628 0 11905#10 1
4629 0 80354#2 1
4629 0 80354#6 1
4630 0 196199#0 1
4631 0 50800#3 1
4632 0 11905#2 1
4633 0 155223#22 1
4634 0 20780#1 1
4635 0 118444#1 1
4635 0 118444#26 1
4636 0 258888#0 1
4636 0 258888#17 1
4636 0 258888#2 1
4637 0 53330#0 1
4638 0 965796#2 1
4639 0 239401#0 1
4639 0 239401#1 1
4640 0 537573#3 1
4641 0 349677#4 1
4642 0 49830#3 1
4643 0 195407#0 1
4644 0 112295#1 1
4644 0 112295#3 1
4645 0 560194#0 1
4646 0 4817#2 1
4647 0 42753#1 1
4647 0 42753#19 1
4648 0 107270#0 1
4649 0 55588#0 1
4650 0 44901#0 1
4651 0 18183#5 1
4652 0 22443#7 1
4653 0 517406#1 1
4654 0 116276#0 1
4655 0 255227#0 1
4656 0 5638#2 1
4657 0 482435#0 1
4658 0 42479#2 1
4659 0 258109#0 1
4660 0 359612#2 1
4661 0 56255#0 1
4662 0 79458#1 1
4663 0 62383#0 1
4664 0 640930#2 1
4665 0 520092#0 1
4666 0 14722#7 1
4667 0 45076#0 1
4668 0 345592#0 1
4669 0 298258#3 1
4670 0 214626#0 1
4671 0 155223#7 1
4672 0 224477#3 1
4673 0 208587#0 1
4674 0 750866#0 1
4675 0 46151#4 1
4676 0 45903#0 1
4676 0 45903#15 1
4677 0 342483#3 1
4678 0 54266#0 1
4678 0 54266#1 1
4679 0 751916#0 1
4680 0 25437#3 1
4681 0 854605#0 1
4682 0 151808#0 1
4682 0 151808#1 1
4683 0 42479#0 1
4684 0 53095#0 1
4685 0 65161#0 1
4686 0 50512#2 1
4687 0 384894#1 1
4688 0 77743#2 1
4689 0 133073#3 1
4690 0 11905#2 1
4691 0 171587#0 1
4692 0 50690#1 1
4693 0 4903#0 1
4694 0 40002#0 1
4695 0 35453#3 1
4696 0 568199#1 1
4697 0 12431#29 1
4698 0 53848#4 1
4699 0 46956#0 1
4700 0 20267#2 1
4701 0 181080#0 1
4702 0 914518#0 1
4703 0 45088#0 1
4704 0 49829#0 1
4705 0 87656#0 1
4706 0 668061#2 1
4707 0 290138#0 1
4708 0 39323#1 1
4709 0 143107#2 1
4710 0 256678#0 1
4711 0 6152#0 1
4712 0 515631#0 1
4713 0 237335#0 1
4714 0 2250#7 1
4715 0 57119#1 1
4716 0 63218#0 1
4717 0 512402#0 1
4718 0 782310#1 1
4719 0 71107#1 1
4720 0 36805#0 1
4721 0 80470#0 1
4722 0 91660#0 1
4723 0 110093#8 1
4723 0 110093#1 1
4723 0 110093#2 1
4724 0 511771#0 1
4724 0 511771#1 1
4725 0 27253#0 1
4726 0 1001#0 1
4726 0 1001#4 1
4727 0 166390#0 1
4728 0 814474#0 1
4729 0 319578#0 1
4730 0 385991#3 1
4731 0 13777#1 1
4732 0 20691#0 1
4732 0 20691#1 1
4733 0 366042#6 1
4734 0 283925#9 1
4734 0 283925#2 1
4735 0 5229#2 1
4736 0 55592#4 1
4737 0 177005#12 1
4738 0 797006#0 1
4739 0 47484#2 1
4740 0 91975#0 1
4741 0 4931#0 1
4742 0 122481#0 1
4743 0 78616#0 1
4744 0 407936#0 1
4745 0 1933#1 1
4746 0 2519#9 1
4747 0 485119#0 1
4748 0 42149#0 1
4748 0 42149#2 1
4748 0 42149#7 1
4749 0 42753#3 1
4750 0 798422#0 1
4751 0 582064#0 1
4752 0 53946#0 1
4753 0 22630#0 1
4753 0 22630#1 1
4754 0 736156#1 1
4755 0 8000#0 1
4756 0 58914#0 1
4757 0 139506#1 1
4758 0 203503#0 1
4759 0 543674#2 1
4760 0 16177#1 1
4761 0 86783#0 1
4762 0 498015#1 1
4763 0 5620#0 1
4764 0 292678#1 1
4765 0 20571#0 1
4766 0 872670#0 1
4767 0 11237#8 1
4768 0 225731#0 1
4769 0 40864#0 1
4770 0 644622#2 1
4771 0 132460#0 1
4772 0 490627#0 1
4773 0 4817#0 1
4774 0 34093#0 1
4775 0 24378#1 1
4775 0 24378#3 1
4776 0 291492#0 1
4777 0 477142#1 1
4778 0 28402#2 1
4779 0 151808#0 1
4780 0 888284#0 1
4781 0 616046#0 1
4782 0 13433#1 1
4783 0 204393#0 1
4783 0 204393#1 1
4783 0 204393#10 1
4784 0 14761#0 1
4785 0 32953#1 1
4785 0 32953#2 1
4786 0 824838#1 1
4787 0 16993#0 1
4788 0 65161#2 1
4789 0 3625#0 1
4790 0 467950#3 1
4791 0 238555#2 1
4792 0 75230#1 1
4793 0 971039#0 1
4794 0 293988#0 1
4795 0 282576#0 1
4796 0 278168#0 1
4796 0 278168#2 1
4797 0 13714#0 1
4798 0 385991#1 1
4799 0 382752#0 1
4799 0 382752#7 1
4800 0 186328#4 1
4801 0 981245#0 1
4802 0 180426#0 1
4803 0 315386#0 1
4804 0 38533#0 1
4805 0 97228#0 1
4806 0 201248#0 1
4806 0 201248#11 1
4807 0 44422#1 1
4808 0 5605#1 1
4808 0 5605#28 1
4809 0 32647#0 1
4809 0 32647#1 1
4809 0 32647#5 1
4810 0 681295#0 1
4811 0 203503#0 1
4812 0 824838#2 1
4813 0 142100#3 1
4814 0 399682#2 1
4815 0 62520#0 1
4816 0 680962#1 1
4817 0 10876#0 1
4818 0 257422#0 1
4819 0 154270#1 1
4819 0 154270#2 1
4820 0 178374#0 1
4821 0 27996#8 1
4821 0 27996#9 1
4822 0 350108#0 1
4823 0 227084#0 1
4824 0 8771#0 1
4824 0 8771#5 1
4825 0 925904#0 1
4826 0 192335#1 1
4827 0 236265#1 1
4828 0 345592#0 1
4829 0 626806#6 1
4830 0 8833#0 1
4831 0 609820#2 1
4832 0 60933#1 1
4833 0 908413#5 1
4834 0 36805#0 1
4835 0 77743#1 1
4836 0 297503#0 1
4837 0 23142#10 1
4838 0 222068#0 1
4839 0 494847#1 1
4839 0 494847#5 1
4840 0 86656#0 1
4841 0 27996#3 1
4842 0 306210#1 1
4843 0 681295#0 1
4844 0 666850#0 1
4845 0 156722#0 1
4846 0 83805#0 1
4847 0 198352#0 1
4848 0 31504#1 1
4849 0 41304#0 1
4850 0 158163#2 1
4851 0 38373#1 1
4852 0 52091#1 1
4853 0 730969#1 1
4854 0 78994#25 1
4854 0 78994#2 1
4855 0 198858#0 1
4856 0 538730#3 1
4857 0 79726#7 1
4858 0 86226#0 1
4859 0 2069#0 1
4859 0 2069#1 1
4860 0 103553#0 1
4861 0 6471#13 1
4862 0 854605#0 1
4863 0 169802#0 1
4864 0 86783#4 1
4865 0 179615#1 1
4866 0 106889#1 1
4867 0 258888#3 1
4868 0 266485#3 1
4869 0 41331#0 1
4870 0 227035#1 1
4870 0 227035#15 1
4871 0 714316#3 1
4872 0 870478#1 1
4873 0 54774#2 1
4874 0 363011#0 1
4875 0 134996#0 1
4875 0 134996#2 1
4876 0 20780#0 1
4877 0 747246#1 1
4878 0 687356#5 1
4879 0 17145#0 1
4880 0 19071#2 1
4881 0 4054#0 1
4881 0 4054#2 1
4882 0 155067#0 1
4883 0 578781#0 1
4884 0 70553#0 1
4885 0 927080#0 1
4886 0 827#0 1
4887 0 201004#2 1
4888 0 315386#2 1
4889 0 42685#9 1
4890 0 297503#0 1
4891 0 33274#0 1
4892 0 8837#2 1
4893 0 9866#1 1
4894 0 248497#0 1
4895 0 44422#1 1
4896 0 227035#10 1
4897 0 91770#0 1
4898 0 224170#10 1
4899 0 170289#1 1
4900 0 110688#0 1
4900 0 110688#1 1
4901 0 40388#3 1
4902 0 64529#3 1
4903 0 87908#0 1
4903 0 87908#1 1
4904 0 965783#0 1
4905 0 359612#1 1
4906 0 227084#0 1
4907 0 640930#8 1
4907 0 640930#2 1
4908 0 759614#7 1
4909 0 643758#1 1
4910 0 14447#1 1
4911 0 399682#0 1
4912 0 443061#2 1
4913 0 852069#0 1
4914 0 459634#1 1
4915 0 35150#0 1
4916 0 197212#8 1
4916 0 197212#1 1
4916 0 197212#19 1
4917 0 32953#2 1
4918 0 357651#1 1
4919 0 135254#0 1
4920 0 405442#1 1
4921 0 219194#8 1
4922 0 85191#0 1
4922 0 85191#19 1
4923 0 8836#0 1
4924 0 183014#0 1
4925 0 43785#1 1
4926 0 14227#1 1
4927 0 43998#1 1
4928 0 22707#5 1
4929 0 224170#2 1
4930 0 333043#0 1
4931 0 333043#0 1
4932 0 20267#6 1
4933 0 172314#0 1
4934 0 138189#0 1
4935 0 619185#4 1
4936 0 112394#0 1
4937 0 92211#0 1
4938 0 5272#0 1
4938 0 5272#17 1
4939 0 37636#1 1
4940 0 342483#1 1
4941 0 578850#1 1
4942 0 57123#0 1
4942 0 57123#1 1
4943 0 121948#3 1
4944 0 25186#0 1
4944 0 25186#2 1
4945 0 3730#0 1
4946 0 2983#1 1
4946 0 2983#2 1
4947 0 678113#0 1
4948 0 11287#0 1
4949 0 705750#0 1
4950 0 395828#0 1
4951 0 102640#0 1
4952 0 42037#0 1
4953 0 195333#7 1
4954 0 220739#0 1
4954 0 220739#1 1
4955 0 306909#1 1
4956 0 596445#0 1
4957 0 780988#1 1
4958 0 43808#9 1
4958 0 43808#1 1
4959 0 142889#0 1
4959 0 142889#4 1
4960 0 536047#0 1
4961 0 78300#0 1
4961 0 78300#1 1
4962 0 415058#0 1
4962 0 415058#1 1
4963 0 42479#0 1
4964 0 578850#3 1
4965 0 31504#3 1
4966 0 533124#0 1
4967 0 298562#0 1
4968 0 36559#0 1
4969 0 171557#2 1
4970 0 882172#0 1
4971 0 24419#0 1
4972 0 46934#0 1
4973 0 95092#0 1
4974 0 1001#7 1
4975 0 222068#0 1
4976 0 133073#0 1
4977 0 447522#0 1
4978 0 40282#0 1
4978 0 40282#23 1
4979 0 781987#2 1
4980 0 142465#4 1
4981 0 8208#5 1
4982 0 318904#0 1
4982 0 318904#1 1
4983 0 43785#1 1
4984 0 184506#0 1
4985 0 45188#2 1
4986 0 8000#0 1
4987 0 254020#0 1
4988 0 22443#0 1
4988 0 22443#10 1
4989 0 10556#0 1
4990 0 6858#9 1
4990 0 6858#7 1
4991 0 45219#0 1
4991 0 45219#26 1
4992 0 14197#0 1
4992 0 14197#9 1
4993 0 6110#0 1
4994 0 48592#2 1
4995 0 363989#2 1
4996 0 76497#0 1
4997 0 55674#0 1
4998 0 241344#3 1
4999 0 62383#0 1
5000 0 6581#0 1
5001 0 125973#0 1
5002 0 895684#1 1
5003 0 391427#1 1
5003 0 391427#9 1
5004 0 752322#0 1
5005 0 152611#0 1
5005 0 152611#17 1
5006 0 55592#4 1
5007 0 333043#0 1
5008 0 12481#1 1
5009 0 933967#1 1
5010 0 804147#0 1
5011 0 871814#9 1
5011 0 871814#4 1
5012 0 403003#3 1
5013 0 879375#0 1
5014 0 154396#1 1
5014 0 154396#13 1
5015 0 312134#0 1
5016 0 320939#0 1
5017 0 560905#2 1
5018 0 798418#3 1
5019 0 4903#0 1
5020 0 168832#0 1
5021 0 333050#2 1
5022 0 6241#0 1
5023 0 40388#1 1
5023 0 40388#14 1
5024 0 467110#0 1
5025 0 42685#0 1
5025 0 42685#9 1
5026 0 50092#2 1
5027 0 793241#1 1
5027 0 793241#2 1
5028 0 53751#1 1
5029 0 120487#3 1
5030 0 15672#4 1
5031 0 675984#2 1
5032 0 8381#1 1
5033 0 224626#0 1
5034 0 609820#0 1
5035 0 5262#0 1
5036 0 39173#0 1
5037 0 718510#1 1
5038 0 43998#1 1
5039 0 36168#1 1
5040 0 86874#1 1
5041 0 134139#0 1
5042 0 171557#1 1
5043 0 709432#0 1
5044 0 679689#0 1
5045 0 644622#2 1
5046 0 22458#0 1
5047 0 13433#1 1
5048 0 32898#2 1
5049 0 28608#0 1
5050 0 98417#0 1
5051 0 68370#0 1
5052 0 10977#0 1
5053 0 8208#7 1
5054 0 965783#0 1
5055 0 40282#0 1
5056 0 238555#4 1
5057 0 4203#14 1
5058 0 350108#0 1
5059 0 69122#0 1
5059 0 69122#3 1
5060 0 545#0 1
5061 0 14936#1 1
5062 0 27996#1 1
5063 0 171557#3 1
5064 0 738136#1 1
5065 0 309991#1 1
5066 0 86874#2 1
5067 0 98335#7 1
5068 0 356683#0 1
5069 0 14227#0 1
5069 0 14227#1 1
5070 0 97419#0 1
5071 0 533124#0 1
5072 0 268853#0 1
5072 0 268853#2 1
5073 0 5806#0 1
5074 0 901909#1 1
5075 0 112394#0 1
5076 0 2509#0 1
5077 0 190450#0 1
5078 0 8604#1 1
5079 0 740659#3 1
5080 0 532012#0 1
5081 0 278168#4 1
5082 0 5255#0 1
5083 0 4801#0 1
5084 0 5229#22 1
5085 0 5272#13 1
5086 0 7860#0 1
5087 0 33130#1 1
5088 0 301264#0 1
5089 0 43329#2 1
5090 0 548193#0 1
5091 0 10347#6 1
5092 0 780170#1 1
5093 0 12413#0 1
5094 0 120487#1 1
5095 0 3738#0 1
5096 0 24419#0 1
5097 0 177109#3 1
5098 0 37111#1 1
5099 0 12227#0 1
5100 0 37954#0 1
5101 0 142465#1 1
5102 0 813148#0 1
5103 0 12413#0 1
5104 0 32365#0 1
5105 0 28101#0 1
5106 0 227477#1 1
5107 0 1001#1 1
5108 0 32661#9 1
5109 0 908413#4 1
5110 0 8604#1 1
5111 0 68722#8 1
5111 0 68722#1 1
5112 0 310307#0 1
5112 0 310307#1 1
5113 0 75230#5 1
5114 0 37641#0 1
5115 0 33404#0 1
5116 0 85714#9 1
5117 0 201004#0 1
5118 0 720904#16 1
5119 0 15237#3 1
5120 0 12431#0 1
5121 0 539543#0 1
5122 0 752322#0 1
5123 0 984097#1 1
5124 0 72960#0 1
5125 0 533124#0 1
5126 0 512402#0 1
5127 0 3935#0 1
5128 0 566499#0 1
5129 0 922792#0 1
5130 0 6239#1 1
5131 0 19516#3 1
5132 0 91346#1 1
5133 0 482293#6 1
5134 0 60395#0 1
5135 0 155552#1 1
5136 0 192335#0 1
5137 0 113876#1 1
5138 0 553887#0 1
5139 0 104958#0 1
5140 0 15672#4 1
5140 0 15672#15 1
5141 0 53946#1 1
5141 0 53946#6 1
5142 0 4817#0 1
5143 0 289053#0 1
5144 0 32366#1 1
5145 0 21292#3 1
5146 0 2995#0 1
5146 0 2995#1 1
5147 0 5513#0 1
5148 0 343879#2 1
5149 0 418420#1 1
5150 0 493695#0 1
5151 0 183014#0 1
5152 0 171942#0 1
5153 0 19100#1 1
5154 0 85748#0 1
5155 0 596445#1 1
5156 0 6936#9 1
5156 0 6936#2 1
5157 0 572429#0 1
5158 0 132969#3 1
5159 0 103369#1 1
5160 0 7997#0 1
5161 0 13089#1 1
5162 0 315360#1 1
5163 0 921416#5 1
5164 0 5229#0 1
5164 0 5229#3 1
5165 0 350108#0 1
5166 0 759614#1 1
5167 0 254174#5 1
5168 0 17119#0 1
5169 0 752322#3 1
5170 0 83434#1 1
5171 0 32631#1 1
5172 0 290234#1 1
5173 0 72960#1 1
5173 0 72960#44 1
5174 0 355296#0 1
5175 0 3098#0 1
5176 0 108346#1 1
5176 0 108346#2 1
5177 0 537573#0 1
5178 0 211131#0 1
5179 0 6522#0 1
5180 0 607524#0 1
5181 0 92915#0 1
5182 0 55288#0 1
5182 0 55288#17 1
5183 0 780988#1 1
5184 0 110093#8 1
5184 0 110093#1 1
5185 0 67766#0 1
5186 0 91660#0 1
5187 0 871021#9 1
5187 0 871021#2 1
5188 0 720904#0 1
5189 0 139506#1 1
5190 0 824888#1 1
5191 0 143512#0 1
5191 0 143512#1 1
5191 0 143512#21 1
5192 0 63768#4 1
5193 0 91975#2 1
5194 0 184482#0 1
5195 0 5451#0 1
5196 0 1646#0 1
5197 0 806402#0 1
5198 0 65583#2 1
5198 0 65583#3 1
5199 0 112388#3 1
5200 0 68722#7 1
5201 0 97879#0 1
5202 0 8771#2 1
5203 0 120618#9 1
5204 0 383828#0 1
5205 0 27713#1 1
5205 0 27713#6 1
5206 0 109026#0 1
5207 0 5031#10 1
5208 0 53095#10 1
5209 0 2492#2 1
5210 0 16997#0 1
5210 0 16997#1 1
5211 0 221258#1 1
5212 0 20726#0 1
5213 0 890696#8 1
5214 0 5638#1 1
5215 0 171205#1 1
5216 0 2867#3 1
5217 0 156343#0 1
5218 0 709571#0 1
5219 0 530225#0 1
5219 0 530225#1 1
5220 0 132969#3 1
5221 0 145124#0 1
5222 0 463789#0 1
5223 0 31504#1 1
5224 0 24465#2 1
5225 0 48502#1 1
5226 0 55588#0 1
5227 0 285522#1 1
5228 0 139506#1 1
5229 0 44422#1 1
5230 0 290847#0 1
5231 0 13714#0 1
5232 0 4701#1 1
5233 0 10159#1 1
5234 0 843827#1 1
5235 0 23803#2 1
5236 0 85692#2 1
5237 0 391347#0 1
5238 0 56848#0 1
5238 0 56848#3 1
5239 0 27713#0 1
5239 0 27713#19 1
5240 0 205140#3 1
5241 0 46151#4 1
5242 0 115376#0 1
5243 0 463789#0 1
5244 0 32953#1 1
5245 0 17186#0 1
5246 0 41367#0 1
5247 0 27456#0 1
5248 0 266485#1 1
5249 0 513453#0 1
5250 0 219194#5 1
5251 0 13879#2 1
5252 0 142100#3 1
5253 0 179981#0 1
5254 0 65583#1 1
5254 0 65583#11 1
5255 0 103462#1 1
5256 0 614750#0 1
5257 0 98426#1 1
5258 0 34380#0 1
5259 0 258109#5 1
5260 0 42479#0 1
5261 0 168034#0 1
5262 0 903745#0 1
5263 0 806402#0 1
5264 0 13972#0 1
5265 0 349697#17 1
5265 0 349697#12 1
5265 0 349697#1 1
5266 0 152109#2 1
5266 0 152109#35 1
5267 0 51672#1 1
5268 0 307400#1 1
5269 0 49721#2 1
5270 0 33404#8 1
5271 0 111476#0 1
5272 0 171557#1 1
5273 0 498015#0 1
5274 0 59540#1 1
5274 0 59540#10 1
5274 0 59540#9 1
5275 0 268744#3 1
5276 0 763936#1 1
5277 0 298258#0 1
5277 0 298258#2 1
5277 0 298258#4 1
5278 0 9960#0 1
5279 0 37285#1 1
5280 0 3531#0 1
5281 0 306665#0 1
5282 0 55626#0 1
5283 0 34891#5 1
5284 0 18805#1 1
5285 0 622400#0 1
5286 0 1933#1 1
5286 0 1933#6 1
5287 0 208587#0 1
5288 0 19516#7 1
5289 0 42764#2 1
5290 0 903745#0 1
5291 0 78013#0 1
5292 0 303850#0 1
5293 0 23316#1 1
5294 0 266485#0 1
5295 0 203503#0 1
5296 0 897129#0 1
5297 0 48110#0 1
5298 0 76360#0 1
5299 0 12470#1 1
5300 0 341853#1 1
5301 0 65161#0 1
5302 0 81162#0 1
5303 0 208935#0 1
5304 0 78950#2 1
5305 0 227571#0 1
5306 0 117223#2 1
5307 0 256463#1 1
5308 0 146114#0 1
5309 0 177554#4 1
5310 0 593795#0 1
5311 0 630108#1 1
5312 0 60808#0 1
5313 0 306210#1 1
5314 0 59112#1 1
5315 0 48101#0 1
5316 0 85714#6 1
5317 0 121948#0 1
5318 0 644211#7 1
5319 0 1000543#0 1
5320 0 18287#1 1
5321 0 46316#0 1
