2153 0 469063#1 1
2154 0 9283#2 1
2155 0 11473#4 1
2156 0 3220#0 1
2156 0 3220#4 1
2157 0 598874#1 1
2158 0 2666#0 1
2159 0 590930#2 1
2159 0 590930#7 1
2160 0 5695#2 1
2161 0 3305#0 1
2162 0 15592#8 1
2163 0 13304#1 1
2164 0 3728#0 1
2165 0 18797#0 1
2166 0 267229#0 1
2167 0 495526#2 1
2167 0 495526#12 1
2168 0 14893#1 1
2169 0 352419#1 1
2170 0 17983#0 1
2171 0 267228#0 1
2172 0 344598#1 1
2173 0 1525#10 1
2174 0 522705#0 1
2175 0 9908#9 1
2176 0 4050#4 1
2177 0 532355#0 1
2178 0 295023#2 1
2179 0 402180#1 1
2180 0 247605#3 1
2181 0 35318#1 1
2182 0 2837#0 1
2183 0 89426#5 1
2184 0 247605#0 1
2184 0 247605#3 1
2185 0 264520#3 1
2185 0 264520#6 1
2186 0 521739#1 1
2187 0 68336#4 1
2187 0 68336#6 1
2188 0 555227#0 1
2189 0 16430#0 1
2190 0 402180#2 1
2191 0 552297#4 1
2192 0 1200#1 1
2193 0 124791#0 1
2194 0 457594#0 1
2195 0 247605#0 1
2196 0 267228#4 1
2197 0 35895#2 1
2198 0 385310#0 1
2199 0 3359#2 1
2200 0 2666#0 1
2201 0 545394#2 1
2202 0 13900#0 1
2203 0 89838#0 1
2204 0 18244#1 1
2205 0 366954#12 1
2206 0 68336#1 1
2207 0 107098#1 1
2207 0 107098#2 1
2208 0 3220#0 1
2208 0 3220#30 1
2209 0 694117#1 1
2210 0 507141#0 1
2211 0 1534#2 1
2212 0 429945#1 1
2212 0 429945#3 1
2213 0 552224#0 1
2214 0 468566#3 1
2215 0 247275#0 1
2215 0 247275#4 1
2216 0 13900#0 1
2217 0 1430#0 1
2217 0 1430#1 1
2218 0 3359#1 1
2219 0 9051#18 1
2219 0 9051#14 1
2220 0 310535#1 1
2221 0 379559#0 1
2222 0 4050#3 1
2223 0 258850#0 1
2224 0 335472#2 1
2225 0 82075#3 1
2226 0 82350#1 1
2227 0 608783#24 1
2228 0 416850#0 1
2229 0 17799#0 1
2230 0 251920#0 1
2230 0 251920#3 1
2231 0 14702#1 1
2231 0 14702#5 1
2232 0 2666#7 1
2233 0 6298#2 1
2233 0 6298#3 1
2234 0 17983#0 1
2235 0 2666#0 1
2236 0 41773#1 1
2237 0 256926#1 1
2238 0 1324#0 1
2239 0 348487#0 1
2240 0 644448#0 1
2241 0 3220#4 1
2241 0 3220#5 1
2242 0 13138#0 1
2243 0 267228#3 1
2244 0 296930#0 1
2245 0 12087#0 1
2246 0 15592#8 1
2246 0 15592#0 1
2247 0 18800#1 1
2248 0 66953#4 1
2249 0 4495#0 1
2250 0 252600#0 1
2251 0 250500#2 1
2252 0 96557#0 1
2253 0 3220#2 1
2253 0 3220#4 1
2254 0 314977#0 1
2255 0 65120#1 1
2256 0 336847#4 1
2257 0 469063#1 1
2258 0 431416#1 1
2259 0 406154#0 1
2260 0 532355#0 1
2261 0 267228#1 1
2261 0 267228#3 1
2262 0 264520#3 1
2263 0 42588#1 1
