2601 0 15607#5 1
2602 0 102610#4 1
2603 0 66732#8 1
2603 0 66732#0 1
2604 0 89597#4 1
2605 0 2561#0 1
2606 0 14827#0 1
2607 0 83063#0 1
2608 0 78814#8 1
2609 0 75425#0 1
2609 0 75425#5 1
2610 0 99322#0 1
2611 0 7338#22 1
2612 0 73537#0 1
2613 0 35619#0 1
2614 0 18046#1 1
2615 0 69375#0 1
2616 0 4025#12 1
2617 0 34560#0 1
2617 0 34560#1 1
2618 0 73731#0 1
2619 0 104753#0 1
2620 0 37468#1 1
2621 0 55195#0 1
2622 0 69375#0 1
2623 0 13147#5 1
2624 0 3168#2 1
2625 0 34616#6 1
2626 0 14827#1 1
2627 0 98040#0 1
2628 0 68587#6 1
2628 0 68587#7 1
2629 0 13668#1 1
2630 0 36167#2 1
2631 0 55255#0 1
2632 0 2561#3 1
2633 0 2072#1 1
2634 0 4098#2 1
2635 0 1203#1 1
2636 0 18856#3 1
2637 0 101194#0 1
2638 0 33918#1 1
2639 0 2561#0 1
2639 0 2561#9 1
2640 0 75491#7 1
2641 0 12336#0 1
2641 0 12336#9 1
2642 0 25351#0 1
2643 0 18520#17 1
2644 0 33911#2 1
2645 0 57462#0 1
2646 0 69622#0 1
2647 0 34165#0 1
2648 0 55255#4 1
2649 0 86394#38 1
2650 0 13540#6 1
2651 0 15293#0 1
2651 0 15293#5 1
2652 0 33776#0 1
2653 0 18824#1 1
2654 0 15609#3 1
2655 0 33379#0 1
2656 0 17055#4 1
2657 0 43088#5 1
2658 0 33205#0 1
2658 0 33205#1 1
2659 0 33819#0 1
2660 0 87160#0 1
2661 0 13540#4 1
2662 0 1203#2 1
2663 0 17282#0 1
2664 0 63067#0 1
2665 0 33444#0 1
2665 0 33444#1 1
2666 0 1996#26 1
2667 0 55530#0 1
2668 0 15609#1 1
2669 0 17282#0 1
2670 0 55302#11 1
2671 0 91947#7 1
2672 0 2695#2 1
2673 0 9168#0 1
2674 0 34016#0 1
2675 0 15215#11 1
2676 0 15804#0 1
2677 0 57315#3 1
2678 0 2620#7 1
2679 0 86285#2 1
2680 0 31778#0 1
2681 0 22848#0 1
2682 0 2633#12 1
2683 0 16533#2 1
2683 0 16533#3 1
2684 0 14206#0 1
2685 0 62495#0 1
2686 0 35858#1 1
2687 0 5446#3 1
2688 0 2248#3 1
2689 0 34309#0 1
2690 0 33776#0 1
2691 0 17055#5 1
2692 0 83886#3 1
2693 0 35619#1 1
2694 0 15523#0 1
2695 0 14827#1 1
2696 0 1203#1 1
2697 0 33743#0 1
2698 0 2072#2 1
2699 0 93993#0 1
2700 0 55350#13 1
2701 0 33832#1 1
2702 0 55359#3 1
2702 0 55359#5 1
2703 0 55725#30 1
2704 0 10108#0 1
2705 0 94395#0 1
2706 0 2695#0 1
2707 0 1797#3 1
2708 0 34199#0 1
2709 0 35980#0 1
2710 0 9739#0 1
2711 0 13252#0 1
2712 0 103277#1 1
2713 0 87315#1 1
2714 0 34165#0 1
2715 0 87315#1 1
2716 0 18046#1 1
2717 0 82502#2 1
2718 0 34358#1 1
2718 0 34358#2 1
2719 0 99310#0 1
2720 0 34764#1 1
2721 0 65511#0 1
2722 0 91728#5 1
2723 0 93966#1 1
2723 0 93966#3 1
2724 0 2150#9 1
2725 0 57315#0 1
2726 0 12336#0 1
2726 0 12336#1 1
2727 0 33205#1 1
2728 0 7756#16 1
2728 0 7756#3 1
2729 0 29087#0 1
2730 0 2442#14 1
2731 0 2383#9 1
2732 0 2128#7 1
2733 0 30767#1 1
2734 0 89597#1 1
2735 0 37037#0 1
2736 0 33776#1 1
2737 0 36061#1 1
2738 0 3185#7 1
2739 0 106014#3 1
2740 0 104842#1 1
2741 0 2156#0 1
2741 0 2156#14 1
2742 0 18238#1 1
2743 0 18824#2 1
2744 0 29087#1 1
2745 0 35818#0 1
2746 0 34662#0 1
2747 0 57462#0 1
2747 0 57462#3 1
2748 0 1996#33 1
2749 0 99816#0 1
2750 0 32559#12 1
2751 0 33819#1 1
2752 0 15415#0 1
2753 0 5610#19 1
2754 0 13801#6 1
2755 0 72152#0 1
2756 0 2697#2 1
2757 0 35917#0 1
2758 0 64253#2 1
2759 0 30767#0 1
2760 0 101109#1 1
2761 0 1679#2 1
2762 0 82503#1 1
2763 0 7332#0 1
2764 0 17420#0 1
2765 0 33700#0 1
2766 0 36170#3 1
2767 0 35322#0 1
2767 0 35322#2 1
2768 0 3712#0 1
2769 0 3770#3 1
2770 0 57482#0 1
2771 0 17055#3 1
2772 0 34599#0 1
2773 0 34638#1 1
2774 0 83063#0 1
2775 0 2660#0 1
2776 0 16282#9 1
2777 0 34073#4 1
2778 0 33205#8 1
2779 0 13706#3 1
2780 0 16649#4 1
2781 0 12039#10 1
2782 0 14042#0 1
2783 0 13706#4 1
2784 0 15607#1 1
2785 0 34937#0 1
2786 0 32478#0 1
2787 0 61639#2 1
2788 0 14320#0 1
2789 0 12336#0 1
2790 0 15369#0 1
2790 0 15369#2 1
2791 0 57462#3 1
2792 0 34532#0 1
2792 0 34532#6 1
2793 0 17888#1 1
2794 0 15590#2 1
2795 0 13643#2 1
2796 0 7338#15 1
2797 0 15510#2 1
2798 0 32684#4 1
2799 0 15511#0 1
2799 0 15511#2 1
2800 0 3965#4 1
2801 0 33918#1 1
2802 0 36697#0 1
2803 0 32478#0 1
2804 0 55732#0 1
2805 0 57315#3 1
2806 0 2620#7 1
2807 0 1953#11 1
2808 0 90025#0 1
2809 0 3188#9 1
2810 0 36167#3 1
2811 0 2012#0 1
2811 0 2012#3 1
2812 0 22872#0 1
2813 0 13540#1 1
2814 0 91791#2 1
2815 0 18046#0 1
2816 0 39990#4 1
2817 0 34016#3 1
2818 0 1679#7 1
2819 0 35818#0 1
2820 0 2150#0 1
2821 0 10133#1 1
2822 0 1996#0 1
2823 0 34764#0 1
2824 0 22913#0 1
2825 0 2620#7 1
2826 0 73537#0 1
2827 0 2695#0 1
2828 0 64253#0 1
2829 0 36234#1 1
2830 0 56770#0 1
2831 0 35358#3 1
2832 0 31901#6 1
2833 0 13151#0 1
2834 0 91057#54 1
2835 0 93974#0 1
2835 0 93974#2 1
2836 0 2150#3 1
2837 0 25351#0 1
2838 0 3026#11 1
2839 0 15415#6 1
2840 0 104540#1 1
2841 0 33379#0 1
2842 0 34262#0 1
2842 0 34262#2 1
2843 0 93966#3 1
2843 0 93966#4 1
2844 0 106014#3 1
2845 0 82503#2 1
2846 0 16114#0 1
2847 0 6999#0 1
2848 0 29087#1 1
2849 0 34516#0 1
2850 0 34764#5 1
2851 0 87006#1 1
2852 0 34915#0 1
2853 0 82260#2 1
2854 0 34985#2 1
2855 0 36282#3 1
2856 0 6138#1 1
2857 0 41942#52 1
2858 0 5821#0 1
2859 0 10108#0 1
2859 0 10108#2 1
2860 0 2008#1 1
2861 0 1953#4 1
2862 0 14206#1 1
2863 0 57462#4 1
2864 0 71098#0 1
2865 0 1996#0 1
2866 0 18005#0 1
2867 0 34358#1 1
2868 0 36234#1 1
2868 0 36234#5 1
2869 0 102644#0 1
2870 0 16121#5 1
2871 0 13446#1 1
2872 0 10167#0 1
2873 0 39896#5 1
2874 0 2012#0 1
2874 0 2012#3 1
2875 0 13540#6 1
2876 0 16121#5 1
2877 0 62343#0 1
2878 0 6157#1 1
2879 0 102610#0 1
2880 0 33684#0 1
2881 0 1996#33 1
2882 0 10108#4 1
2883 0 33776#0 1
2884 0 35417#0 1
2884 0 35417#3 1
2885 0 72565#4 1
2886 0 57141#3 1
2887 0 15603#2 1
2888 0 18856#0 1
2888 0 18856#6 1
2889 0 9864#0 1
2890 0 18559#3 1
2891 0 71259#0 1
2892 0 1996#0 1
2893 0 16559#2 1
2894 0 1875#4 1
2895 0 15840#6 1
2896 0 15401#0 1
2897 0 34199#1 1
2898 0 78814#9 1
2899 0 71965#4 1
2900 0 55748#15 1
2901 0 8412#6 1
2902 0 35322#0 1
2903 0 14545#1 1
2904 0 88523#3 1
2905 0 9739#5 1
2906 0 36285#4 1
2907 0 3419#0 1
2907 0 3419#1 1
2908 0 71666#1 1
2909 0 87160#0 1
2910 0 33544#0 1
2911 0 89597#1 1
2912 0 12039#10 1
2913 0 32408#1 1
2914 0 33205#1 1
2915 0 3762#2 1
2915 0 3762#3 1
2916 0 57315#1 1
2916 0 57315#2 1
2917 0 106489#1 1
2917 0 106489#7 1
2918 0 68587#0 1
2919 0 8319#2 1
2920 0 68824#1 1
2921 0 15609#1 1
2922 0 95190#0 1
2923 0 6844#1 1
2924 0 31901#0 1
2925 0 99816#4 1
2926 0 33558#19 1
2927 0 10108#0 1
2928 0 12336#6 1
2929 0 106014#0 1
2930 0 71098#0 1
2931 0 1996#1 1
2932 0 7954#4 1
2933 0 32478#0 1
2934 0 34199#0 1
2935 0 23353#0 1
2936 0 36289#0 1
2937 0 33743#0 1
2938 0 3185#7 1
2939 0 86394#38 1
2940 0 2307#2 1
2941 0 18238#0 1
2942 0 2360#4 1
2943 0 15607#5 1
2944 0 2620#4 1
2944 0 2620#7 1
2945 0 34532#0 1
2946 0 18046#1 1
2947 0 57315#3 1
2948 0 6753#0 1
2949 0 3216#2 1
2950 0 10108#0 1
2951 0 3762#0 1
2952 0 57462#3 1
2953 0 39990#0 1
2954 0 34915#0 1
2955 0 92509#5 1
2955 0 92509#14 1
2955 0 92509#15 1
2956 0 20854#0 1
2957 0 32461#1 1
2958 0 106489#0 1
2959 0 7756#3 1
2960 0 101109#9 1
2961 0 34044#0 1
2962 0 13706#0 1
2963 0 2789#0 1
2964 0 36282#3 1
2965 0 16209#8 1
2966 0 62495#0 1
2967 0 97363#0 1
2967 0 97363#1 1
2968 0 55195#0 1
2969 0 36282#3 1
2970 0 34199#1 1
2971 0 33743#2 1
2972 0 6753#0 1
2973 0 60110#0 1
2974 0 55552#24 1
2975 0 35980#5 1
2976 0 56642#0 1
2977 0 34073#4 1
2978 0 15793#0 1
2979 0 17055#2 1
2980 0 2388#0 1
2980 0 2388#1 1
2981 0 102610#0 1
2982 0 42529#2 1
2983 0 62343#0 1
2984 0 28914#0 1
2985 0 98040#0 1
2986 0 55302#3 1
2986 0 55302#5 1
2986 0 55302#6 1
2987 0 34016#3 1
2988 0 57462#4 1
2989 0 11312#3 1
2990 0 2561#0 1
2990 0 2561#9 1
2991 0 3216#0 1
2991 0 3216#9 1
2991 0 3216#7 1
2992 0 89751#1 1
2993 0 15523#10 1
2994 0 10108#0 1
2994 0 10108#2 1
2995 0 7756#3 1
2995 0 7756#7 1
2996 0 34199#0 1
2996 0 34199#2 1
2997 0 13252#0 1
2998 0 13706#0 1
2999 0 16812#1 1
2999 0 16812#2 1
3000 0 14356#0 1
3000 0 14356#2 1
3001 0 32408#1 1
3002 0 1875#1 1
3003 0 10108#0 1
3004 0 34103#0 1
3005 0 2008#2 1
3006 0 2008#2 1
3007 0 17888#1 1
3008 0 34103#0 1
3009 0 15510#3 1
3010 0 8389#3 1
3011 0 16577#5 1
3012 0 32383#2 1
3013 0 34516#0 1
3014 0 15609#0 1
3015 0 15510#3 1
3016 0 33379#0 1
3017 0 33819#1 1
3018 0 92811#3 1
3019 0 2185#0 1
3020 0 34639#0 1
3021 0 33444#0 1
3021 0 33444#1 1
3022 0 35980#0 1
3022 0 35980#2 1
3023 0 2150#9 1
3024 0 2150#9 1
3025 0 14833#9 1
3026 0 33379#2 1
3026 0 33379#4 1
3027 0 34985#0 1
3028 0 88715#0 1
3029 0 33424#4 1
3030 0 13706#4 1
3031 0 99310#0 1
3032 0 2069#2 1
3033 0 5845#0 1
3033 0 5845#6 1
3034 0 17097#1 1
3035 0 33776#1 1
3036 0 3193#4 1
3037 0 14215#2 1
3038 0 34073#4 1
3039 0 3216#0 1
3040 0 17282#1 1
3041 0 6157#1 1
3042 0 15415#0 1
3043 0 72871#5 1
3044 0 14206#0 1
3044 0 14206#2 1
3045 0 101109#8 1
3046 0 22891#0 1
3047 0 34915#0 1
3048 0 18856#2 1
3049 0 16121#5 1
3050 0 106374#3 1
3051 0 2185#0 1
3052 0 86394#8 1
3053 0 106489#0 1
3054 0 37308#1 1
3055 0 1203#1 1
3056 0 9739#17 1
3057 0 35051#2 1
3058 0 101056#4 1
3059 0 34985#2 1
3060 0 32559#9 1
3061 0 34532#0 1
3062 0 33424#5 1
3063 0 17282#0 1
3064 0 56642#0 1
3065 0 2561#17 1
3066 0 2762#2 1
3067 0 2128#7 1
3068 0 1996#0 1
3069 0 30396#0 1
3069 0 30396#2 1
3070 0 90025#1 1
3071 0 67583#3 1
3071 0 67583#4 1
3072 0 102644#0 1
3073 0 15603#0 1
3074 0 15510#3 1
3075 0 108058#3 1
3076 0 34599#0 1
3077 0 99816#4 1
3078 0 2069#1 1
3079 0 57462#4 1
3080 0 99855#0 1
3081 0 15215#0 1
3082 0 35980#5 1
3083 0 55979#6 1
3084 0 2360#0 1
3085 0 17135#1 1
3086 0 103277#0 1
3087 0 4101#4 1
3088 0 13147#0 1
3089 0 15552#0 1
3090 0 22900#0 1
3091 0 62343#0 1
3092 0 78525#0 1
3093 0 24176#0 1
3094 0 34532#1 1
3095 0 34915#1 1
3096 0 70003#2 1
3097 0 99125#2 1
3098 0 82260#2 1
3099 0 55748#0 1
3099 0 55748#25 1
3100 0 8389#3 1
3101 0 102610#1 1
3102 0 32398#0 1
3103 0 56721#1 1
3104 0 33819#2 1
3105 0 2008#2 1
3106 0 13668#0 1
3107 0 32408#1 1
3108 0 55721#4 1
3109 0 101056#0 1
3110 0 57315#0 1
3111 0 36285#6 1
3112 0 76947#1 1
3112 0 76947#5 1
3113 0 34016#3 1
3114 0 2072#1 1
3115 0 40144#5 1
3116 0 7149#1 1
3117 0 3193#4 1
3118 0 16114#1 1
3119 0 102644#0 1
3120 0 13252#0 1
3121 0 2606#3 1
3122 0 8664#0 1
3123 0 35980#0 1
3124 0 34080#0 1
3125 0 35848#2 1
3126 0 83886#1 1
3127 0 42529#0 1
3128 0 22839#0 1
3129 0 5261#0 1
3130 0 91947#7 1
3131 0 89597#1 1
3132 0 57315#0 1
3133 0 33832#9 1
3133 0 33832#11 1
3134 0 3249#0 1
3135 0 2150#9 1
3136 0 5446#2 1
3137 0 78814#8 1
3138 0 14056#4 1
3139 0 6535#0 1
3140 0 96370#0 1
3140 0 96370#2 1
3141 0 1996#33 1
3142 0 60110#0 1
3143 0 5261#5 1
3144 0 14855#6 1
3145 0 35619#2 1
3146 0 56093#0 1
3147 0 1996#1 1
3148 0 91947#7 1
3149 0 33618#0 1
3150 0 34530#0 1
3151 0 5610#2 1
3152 0 81064#3 1
3153 0 35682#0 1
3154 0 23477#0 1
3155 0 2008#2 1
3156 0 23233#2 1
3157 0 13801#1 1
3157 0 13801#3 1
3158 0 13446#0 1
3159 0 18238#0 1
3159 0 18238#1 1
3160 0 71572#2 1
3161 0 2561#0 1
3162 0 34175#1 1
3162 0 34175#15 1
3163 0 2762#3 1
3164 0 13446#0 1
3165 0 104753#3 1
3166 0 30767#0 1
3167 0 13668#1 1
3168 0 34358#1 1
3169 0 68587#21 1
3169 0 68587#22 1
3170 0 106489#4 1
3171 0 34309#5 1
3172 0 2072#3 1
3173 0 32664#0 1
3174 0 66732#1 1
3174 0 66732#23 1
3175 0 33544#0 1
3176 0 93974#0 1
3177 0 5610#28 1
3178 0 13147#0 1
3179 0 73667#3 1
3180 0 29087#0 1
3181 0 10458#1 1
3182 0 9505#0 1
3183 0 31778#2 1
3184 0 6138#1 1
3185 0 55195#1 1
3186 0 2128#3 1
3187 0 33776#2 1
3188 0 101071#2 1
3189 0 73669#14 1
3190 0 35417#0 1
3191 0 13252#0 1
3192 0 3204#10 1
3193 0 99855#0 1
3194 0 34909#0 1
3195 0 3185#0 1
3196 0 1996#26 1
3197 0 16040#10 1
3198 0 34165#2 1
3199 0 18046#0 1
3200 0 3216#0 1
3201 0 34639#0 1
3202 0 34040#0 1
3203 0 43088#11 1
3204 0 104753#0 1
3205 0 12039#0 1
3206 0 68962#2 1
3207 0 78818#25 1
3208 0 63279#0 1
3209 0 21135#0 1
3210 0 15603#8 1
3211 0 5610#18 1
3212 0 888#0 1
3212 0 888#12 1
3213 0 3965#4 1
3214 0 102610#0 1
3215 0 7338#23 1
3216 0 36234#5 1
3217 0 64593#1 1
3218 0 101237#11 1
3219 0 96594#0 1
3220 0 18559#3 1
3221 0 2443#10 1
3222 0 34262#3 1
3223 0 34341#0 1
3224 0 33918#5 1
3225 0 41942#38 1
3226 0 33544#0 1
3227 0 35682#0 1
3228 0 36285#6 1
3229 0 1996#26 1
3230 0 13446#1 1
3231 0 33918#0 1
3232 0 57315#3 1
3233 0 90025#0 1
3234 0 34040#1 1
3235 0 90539#3 1
3236 0 56109#0 1
3237 0 16870#0 1
3238 0 96441#1 1
3238 0 96441#6 1
3239 0 16114#1 1
3240 0 80137#0 1
3241 0 23352#5 1
3242 0 15603#0 1
3243 0 2177#0 1
3244 0 15552#7 1
3245 0 85836#0 1
3246 0 12336#0 1
3246 0 12336#9 1
3247 0 2620#4 1
3247 0 2620#7 1
3248 0 3845#1 1
3249 0 55530#0 1
3250 0 40144#1 1
3251 0 33424#1 1
3252 0 18046#0 1
3253 0 56770#0 1
3254 0 1792#1 1
3255 0 29006#6 1
3256 0 34341#9 1
3256 0 34341#2 1
3256 0 34341#1 1
3257 0 108058#0 1
3257 0 108058#1 1
3258 0 22900#0 1
3259 0 34599#0 1
3260 0 17440#1 1
3261 0 35858#0 1
3262 0 89597#1 1
3263 0 35858#1 1
3264 0 34561#1 1
3265 0 9862#2 1
3266 0 5607#1 1
3267 0 33205#1 1
3268 0 5845#0 1
3268 0 5845#6 1
3269 0 33819#0 1
3270 0 32664#0 1
